"Station Name","CALGARY INT'L CS"
"Province","ALBERTA"
"Latitude","51.11"
"Longitude","-114.00"
"Elevation","1081.90"
"Climate Identifier","3031094"
"WMO Identifier","71393"
"TC Identifier","PCI"
"All times are specified in Local Standard Time (LST). Add 1 hour to adjust for Daylight Saving Time where and when it is observed."

"Legend"
"E","Estimated"
"M","Missing"
"NA","Not Available"
"‡","Partner data that is not subject to review by the National Climate Archives"

"Date/Time","Year","Month","Day","Time","Data Quality","Temp (°C)","Temp Flag","Dew Point Temp (°C)","Dew Point Temp Flag","Rel Hum (%)","Rel Hum Flag","Wind Dir (10s deg)","Wind Dir Flag","Wind Spd (km/h)","Wind Spd Flag","Visibility (km)","Visibility Flag","Stn Press (kPa)","Stn Press Flag","Hmdx","Hmdx Flag","Wind Chill","Wind Chill Flag","Weather"
"2013-09-01 00:00","2013","09","01","00:00"," ","13.2","","5.1","","58","","","M","","M","","","89.28","","","","","","NA"
"2013-09-01 01:00","2013","09","01","01:00"," ","11.0","","5.1","","67","","","M","","M","","","89.26","","","","","","NA"
"2013-09-01 02:00","2013","09","01","02:00"," ","9.6","","5.2","","74","","","M","","M","","","89.25","","","","","","NA"
"2013-09-01 03:00","2013","09","01","03:00"," ","9.1","","5.2","","77","","","M","","M","","","89.24","","","","","","NA"
"2013-09-01 04:00","2013","09","01","04:00"," ","8.7","","5.5","","80","","","M","","M","","","89.20","","","","","","NA"
"2013-09-01 05:00","2013","09","01","05:00"," ","7.7","","4.3","","79","","","M","","M","","","89.18","","","","","","NA"
"2013-09-01 06:00","2013","09","01","06:00"," ","6.9","","4.2","","83","","","M","","M","","","89.20","","","","","","NA"
"2013-09-01 07:00","2013","09","01","07:00"," ","8.9","","5.6","","80","","","M","","M","","","89.19","","","","","","NA"
"2013-09-01 08:00","2013","09","01","08:00"," ","13.0","","6.6","","65","","","M","","M","","","89.19","","","","","","NA"
"2013-09-01 09:00","2013","09","01","09:00"," ","17.2","","7.1","","51","","","M","","M","","","89.13","","","","","","NA"
"2013-09-01 10:00","2013","09","01","10:00"," ","19.7","","7.7","","46","","","M","","M","","","89.13","","","","","","NA"
"2013-09-01 11:00","2013","09","01","11:00"," ","22.4","","4.9","","32","","","M","","M","","","89.09","","","","","","NA"
"2013-09-01 12:00","2013","09","01","12:00"," ","24.3","","4.2","","27","","","M","","M","","","89.03","","","","","","NA"
"2013-09-01 13:00","2013","09","01","13:00"," ","25.1","","3.4","","24","","","M","","M","","","88.98","","","","","","NA"
"2013-09-01 14:00","2013","09","01","14:00"," ","26.4","","5.1","","26","","","M","","M","","","88.95","","26","","","","NA"
"2013-09-01 15:00","2013","09","01","15:00"," ","26.6","","1.6","","20","","","M","","M","","","88.90","","25","","","","NA"
"2013-09-01 16:00","2013","09","01","16:00"," ","27.1","","2.9","","21","","","M","","M","","","88.85","","26","","","","NA"
"2013-09-01 17:00","2013","09","01","17:00"," ","27.1","","4.0","","23","","","M","","M","","","88.83","","26","","","","NA"
"2013-09-01 18:00","2013","09","01","18:00"," ","26.6","","4.4","","24","","","M","","M","","","88.79","","26","","","","NA"
"2013-09-01 19:00","2013","09","01","19:00"," ","23.9","","4.3","","28","","","M","","M","","","88.81","","","","","","NA"
"2013-09-01 20:00","2013","09","01","20:00"," ","21.2","","4.7","","34","","","M","","M","","","88.83","","","","","","NA"
"2013-09-01 21:00","2013","09","01","21:00"," ","21.1","","4.8","","34","","","M","","M","","","88.85","","","","","","NA"
"2013-09-01 22:00","2013","09","01","22:00"," ","16.3","","6.6","","53","","","M","","M","","","88.85","","","","","","NA"
"2013-09-01 23:00","2013","09","01","23:00"," ","15.5","","6.6","","55","","","M","","M","","","88.85","","","","","","NA"
"2013-09-02 00:00","2013","09","02","00:00"," ","14.6","","8.1","","65","","","M","","M","","","88.86","","","","","","NA"
"2013-09-02 01:00","2013","09","02","01:00"," ","14.4","","6.6","","59","","","M","","M","","","88.86","","","","","","NA"
"2013-09-02 02:00","2013","09","02","02:00"," ","11.7","","6.4","","70","","","M","","M","","","88.85","","","","","","NA"
"2013-09-02 03:00","2013","09","02","03:00"," ","12.0","","6.2","","68","","","M","","M","","","88.86","","","","","","NA"
"2013-09-02 04:00","2013","09","02","04:00"," ","11.4","","5.5","","67","","","M","","M","","","88.88","","","","","","NA"
"2013-09-02 05:00","2013","09","02","05:00"," ","10.6","","4.9","","68","","","M","","M","","","88.90","","","","","","NA"
"2013-09-02 06:00","2013","09","02","06:00"," ","10.7","","4.9","","67","","","M","","M","","","88.92","","","","","","NA"
"2013-09-02 07:00","2013","09","02","07:00"," ","12.0","","6.0","","67","","","M","","M","","","88.97","","","","","","NA"
"2013-09-02 08:00","2013","09","02","08:00"," ","18.3","","5.9","","44","","","M","","M","","","88.97","","","","","","NA"
"2013-09-02 09:00","2013","09","02","09:00"," ","20.6","","6.8","","41","","","M","","M","","","88.98","","","","","","NA"
"2013-09-02 10:00","2013","09","02","10:00"," ","25.0","","7.2","","32","","","M","","M","","","88.98","","25","","","","NA"
"2013-09-02 11:00","2013","09","02","11:00"," ","26.9","","5.8","","26","","","M","","M","","","88.99","","26","","","","NA"
"2013-09-02 12:00","2013","09","02","12:00"," ","27.1","","4.7","","24","","","M","","M","","","89.03","","26","","","","NA"
"2013-09-02 13:00","2013","09","02","13:00"," ","27.1","","4.7","","24","","","M","","M","","","89.03","","26","","","","NA"
"2013-09-02 14:00","2013","09","02","14:00"," ","27.2","","5.6","","25","","","M","","M","","","89.02","","27","","","","NA"
"2013-09-02 15:00","2013","09","02","15:00"," ","26.7","","4.5","","24","","","M","","M","","","88.98","","26","","","","NA"
"2013-09-02 16:00","2013","09","02","16:00"," ","27.5","","4.1","","22","","","M","","M","","","88.97","","26","","","","NA"
"2013-09-02 17:00","2013","09","02","17:00"," ","25.5","","6.2","","29","","","M","","M","","","89.02","","25","","","","NA"
"2013-09-02 18:00","2013","09","02","18:00"," ","24.7","","8.3","","35","","","M","","M","","","89.02","","25","","","","NA"
"2013-09-02 19:00","2013","09","02","19:00"," ","22.5","","8.5","","41","","","M","","M","","","88.98","","","","","","NA"
"2013-09-02 20:00","2013","09","02","20:00"," ","21.6","","8.8","","44","","","M","","M","","","89.00","","","","","","NA"
"2013-09-02 21:00","2013","09","02","21:00"," ","18.8","","9.9","","56","","","M","","M","","","89.03","","","","","","NA"
"2013-09-02 22:00","2013","09","02","22:00"," ","14.9","","9.5","","70","","","M","","M","","","89.06","","","","","","NA"
"2013-09-02 23:00","2013","09","02","23:00"," ","15.0","","9.5","","70","","","M","","M","","","89.12","","","","","","NA"
"2013-09-03 00:00","2013","09","03","00:00"," ","15.0","","9.4","","69","","","M","","M","","","89.14","","","","","","NA"
"2013-09-03 01:00","2013","09","03","01:00"," ","13.5","","9.2","","75","","","M","","M","","","89.18","","","","","","NA"
"2013-09-03 02:00","2013","09","03","02:00"," ","12.1","","8.7","","80","","","M","","M","","","89.23","","","","","","NA"
"2013-09-03 03:00","2013","09","03","03:00"," ","11.6","","8.6","","82","","","M","","M","","","89.26","","","","","","NA"
"2013-09-03 04:00","2013","09","03","04:00"," ","13.3","","9.4","","77","","","M","","M","","","89.30","","","","","","NA"
"2013-09-03 05:00","2013","09","03","05:00"," ","13.9","","9.4","","74","","","M","","M","","","89.33","","","","","","NA"
"2013-09-03 06:00","2013","09","03","06:00"," ","13.5","","9.2","","75","","","M","","M","","","89.38","","","","","","NA"
"2013-09-03 07:00","2013","09","03","07:00"," ","13.5","","9.4","","76","","","M","","M","","","89.40","","","","","","NA"
"2013-09-03 08:00","2013","09","03","08:00"," ","15.0","","9.5","","70","","","M","","M","","","89.45","","","","","","NA"
"2013-09-03 09:00","2013","09","03","09:00"," ","15.9","","9.5","","66","","","M","","M","","","89.48","","","","","","NA"
"2013-09-03 10:00","2013","09","03","10:00"," ","17.6","","9.7","","60","","","M","","M","","","89.50","","","","","","NA"
"2013-09-03 11:00","2013","09","03","11:00"," ","20.3","","10.0","","52","","","M","","M","","","89.48","","","","","","NA"
"2013-09-03 12:00","2013","09","03","12:00"," ","20.7","","9.8","","50","","","M","","M","","","89.48","","","","","","NA"
"2013-09-03 13:00","2013","09","03","13:00"," ","21.7","","9.7","","46","","","M","","M","","","89.47","","","","","","NA"
"2013-09-03 14:00","2013","09","03","14:00"," ","21.9","","9.9","","46","","","M","","M","","","89.48","","","","","","NA"
"2013-09-03 15:00","2013","09","03","15:00"," ","21.9","","10.9","","50","","","M","","M","","","89.45","","","","","","NA"
"2013-09-03 16:00","2013","09","03","16:00"," ","22.4","","10.9","","48","","","M","","M","","","89.42","","","","","","NA"
"2013-09-03 17:00","2013","09","03","17:00"," ","23.0","","9.4","","42","","","M","","M","","","89.39","","","","","","NA"
"2013-09-03 18:00","2013","09","03","18:00"," ","22.2","","10.2","","46","","","M","","M","","","89.35","","","","","","NA"
"2013-09-03 19:00","2013","09","03","19:00"," ","22.2","","10.0","","46","","","M","","M","","","89.29","","","","","","NA"
"2013-09-03 20:00","2013","09","03","20:00"," ","20.7","","10.2","","51","","","M","","M","","","89.32","","","","","","NA"
"2013-09-03 21:00","2013","09","03","21:00"," ","18.9","","11.0","","60","","","M","","M","","","89.35","","","","","","NA"
"2013-09-03 22:00","2013","09","03","22:00"," ","17.0","","11.5","","70","","","M","","M","","","89.34","","","","","","NA"
"2013-09-03 23:00","2013","09","03","23:00"," ","15.6","","11.4","","76","","","M","","M","","","89.32","","","","","","NA"
"2013-09-04 00:00","2013","09","04","00:00"," ","15.2","","11.7","","80","","","M","","M","","","89.32","","","","","","NA"
"2013-09-04 01:00","2013","09","04","01:00"," ","14.3","","11.6","","84","","","M","","M","","","89.31","","","","","","NA"
"2013-09-04 02:00","2013","09","04","02:00"," ","13.7","","11.5","","87","","","M","","M","","","89.31","","","","","","NA"
"2013-09-04 03:00","2013","09","04","03:00"," ","13.1","","10.8","","86","","","M","","M","","","89.32","","","","","","NA"
"2013-09-04 04:00","2013","09","04","04:00"," ","11.6","","9.7","","88","","","M","","M","","","89.32","","","","","","NA"
"2013-09-04 05:00","2013","09","04","05:00"," ","12.3","","8.7","","79","","","M","","M","","","89.31","","","","","","NA"
"2013-09-04 06:00","2013","09","04","06:00"," ","12.6","","9.4","","81","","","M","","M","","","89.36","","","","","","NA"
"2013-09-04 07:00","2013","09","04","07:00"," ","16.6","","9.2","","62","","","M","","M","","","89.38","","","","","","NA"
"2013-09-04 08:00","2013","09","04","08:00"," ","14.8","","10.2","","74","","","M","","M","","","89.41","","","","","","NA"
"2013-09-04 09:00","2013","09","04","09:00"," ","19.3","","10.3","","56","","","M","","M","","","89.43","","","","","","NA"
"2013-09-04 10:00","2013","09","04","10:00"," ","23.3","","8.2","","38","","","M","","M","","","89.43","","","","","","NA"
"2013-09-04 11:00","2013","09","04","11:00"," ","26.6","","6.0","","27","","","M","","M","","","89.42","","26","","","","NA"
"2013-09-04 12:00","2013","09","04","12:00"," ","27.7","","4.0","","22","","","M","","M","","","89.38","","27","","","","NA"
"2013-09-04 13:00","2013","09","04","13:00"," ","29.1","","3.6","","20","","","M","","M","","","89.36","","28","","","","NA"
"2013-09-04 14:00","2013","09","04","14:00"," ","29.2","","2.5","","18","","","M","","M","","","89.34","","28","","","","NA"
"2013-09-04 15:00","2013","09","04","15:00"," ","29.6","","3.6","","19","","","M","","M","","","89.33","","28","","","","NA"
"2013-09-04 16:00","2013","09","04","16:00"," ","29.6","","3.5","","19","","","M","","M","","","89.29","","28","","","","NA"
"2013-09-04 17:00","2013","09","04","17:00"," ","29.1","","4.1","","20","","","M","","M","","","89.26","","28","","","","NA"
"2013-09-04 18:00","2013","09","04","18:00"," ","26.7","","6.5","","28","","","M","","M","","","89.24","","27","","","","NA"
"2013-09-04 19:00","2013","09","04","19:00"," ","23.7","","6.8","","34","","","M","","M","","","89.24","","","","","","NA"
"2013-09-04 20:00","2013","09","04","20:00"," ","22.6","","6.2","","35","","","M","","M","","","89.28","","","","","","NA"
"2013-09-04 21:00","2013","09","04","21:00"," ","21.8","","7.3","","39","","","M","","M","","","89.30","","","","","","NA"
"2013-09-04 22:00","2013","09","04","22:00"," ","20.3","","7.5","","44","","","M","","M","","","89.30","","","","","","NA"
"2013-09-04 23:00","2013","09","04","23:00"," ","16.1","","8.5","","61","","","M","","M","","","89.32","","","","","","NA"
"2013-09-05 00:00","2013","09","05","00:00"," ","17.0","","9.3","","60","","","M","","M","","","89.35","","","","","","NA"
"2013-09-05 01:00","2013","09","05","01:00"," ","15.4","","8.4","","63","","","M","","M","","","89.34","","","","","","NA"
"2013-09-05 02:00","2013","09","05","02:00"," ","14.6","","8.4","","66","","","M","","M","","","89.33","","","","","","NA"
"2013-09-05 03:00","2013","09","05","03:00"," ","14.0","","8.2","","68","","","M","","M","","","89.31","","","","","","NA"
"2013-09-05 04:00","2013","09","05","04:00"," ","14.0","","8.5","","69","","","M","","M","","","89.35","","","","","","NA"
"2013-09-05 05:00","2013","09","05","05:00"," ","14.7","","8.4","","66","","","M","","M","","","89.40","","","","","","NA"
"2013-09-05 06:00","2013","09","05","06:00"," ","14.3","","8.5","","68","","","M","","M","","","89.43","","","","","","NA"
"2013-09-05 07:00","2013","09","05","07:00"," ","15.3","","9.1","","66","","","M","","M","","","89.45","","","","","","NA"
"2013-09-05 08:00","2013","09","05","08:00"," ","19.2","","8.5","","50","","","M","","M","","","89.47","","","","","","NA"
"2013-09-05 09:00","2013","09","05","09:00"," ","21.7","","8.6","","43","","","M","","M","","","89.46","","","","","","NA"
"2013-09-05 10:00","2013","09","05","10:00"," ","23.9","","8.9","","38","","","M","","M","","","89.43","","25","","","","NA"
"2013-09-05 11:00","2013","09","05","11:00"," ","25.5","","8.2","","33","","","M","","M","","","89.42","","26","","","","NA"
"2013-09-05 12:00","2013","09","05","12:00"," ","26.6","","8.2","","31","","","M","","M","","","89.36","","27","","","","NA"
"2013-09-05 13:00","2013","09","05","13:00"," ","26.9","","8.6","","32","","","M","","M","","","89.35","","28","","","","NA"
"2013-09-05 14:00","2013","09","05","14:00"," ","26.6","","7.9","","31","","","M","","M","","","89.31","","27","","","","NA"
"2013-09-05 15:00","2013","09","05","15:00"," ","28.1","","8.1","","28","","","M","","M","","","89.26","","29","","","","NA"
"2013-09-05 16:00","2013","09","05","16:00"," ","28.4","","7.6","","27","","","M","","M","","","89.21","","29","","","","NA"
"2013-09-05 17:00","2013","09","05","17:00"," ","26.8","","8.4","","31","","","M","","M","","","89.19","","27","","","","NA"
"2013-09-05 18:00","2013","09","05","18:00"," ","25.2","","9.0","","36","","","M","","M","","","89.16","","26","","","","NA"
"2013-09-05 19:00","2013","09","05","19:00"," ","23.6","","10.6","","44","","","M","","M","","","89.16","","25","","","","NA"
"2013-09-05 20:00","2013","09","05","20:00"," ","22.4","","10.9","","48","","","M","","M","","","89.19","","","","","","NA"
"2013-09-05 21:00","2013","09","05","21:00"," ","21.3","","11.1","","52","","","M","","M","","","89.25","","","","","","NA"
"2013-09-05 22:00","2013","09","05","22:00"," ","20.6","","10.2","","51","","","M","","M","","","89.30","","","","","","NA"
"2013-09-05 23:00","2013","09","05","23:00"," ","18.3","","11.6","","65","","","M","","M","","","89.34","","","","","","NA"
"2013-09-06 00:00","2013","09","06","00:00"," ","15.9","","12.7","","81","","","M","","M","","","89.37","","","","","","NA"
"2013-09-06 01:00","2013","09","06","01:00"," ","15.4","","13.2","","87","","","M","","M","","","89.52","","","","","","NA"
"2013-09-06 02:00","2013","09","06","02:00"," ","14.4","","13.0","","91","","","M","","M","","","89.50","","","","","","NA"
"2013-09-06 03:00","2013","09","06","03:00"," ","14.1","","13.0","","93","","","M","","M","","","89.50","","","","","","NA"
"2013-09-06 04:00","2013","09","06","04:00"," ","13.8","","12.8","","94","","","M","","M","","","89.53","","","","","","NA"
"2013-09-06 05:00","2013","09","06","05:00"," ","13.6","","12.8","","95","","","M","","M","","","89.55","","","","","","NA"
"2013-09-06 06:00","2013","09","06","06:00"," ","13.4","","12.2","","92","","","M","","M","","","89.66","","","","","","NA"
"2013-09-06 07:00","2013","09","06","07:00"," ","13.1","","12.1","","94","","","M","","M","","","89.67","","","","","","NA"
"2013-09-06 08:00","2013","09","06","08:00"," ","13.5","","12.1","","91","","","M","","M","","","89.71","","","","","","NA"
"2013-09-06 09:00","2013","09","06","09:00"," ","14.2","","11.5","","84","","","M","","M","","","89.73","","","","","","NA"
"2013-09-06 10:00","2013","09","06","10:00"," ","14.7","","12.0","","84","","","M","","M","","","89.73","","","","","","NA"
"2013-09-06 11:00","2013","09","06","11:00"," ","16.4","","12.3","","77","","","M","","M","","","89.77","","","","","","NA"
"2013-09-06 12:00","2013","09","06","12:00"," ","17.2","","11.3","","68","","","M","","M","","","89.73","","","","","","NA"
"2013-09-06 13:00","2013","09","06","13:00"," ","19.2","","12.8","","66","","","M","","M","","","89.72","","","","","","NA"
"2013-09-06 14:00","2013","09","06","14:00"," ","18.8","","12.4","","66","","","M","","M","","","89.71","","","","","","NA"
"2013-09-06 15:00","2013","09","06","15:00"," ","18.7","","12.0","","65","","","M","","M","","","89.61","","","","","","NA"
"2013-09-06 16:00","2013","09","06","16:00"," ","18.5","","12.4","","68","","","M","","M","","","89.54","","","","","","NA"
"2013-09-06 17:00","2013","09","06","17:00"," ","17.6","","12.5","","72","","","M","","M","","","89.63","","","","","","NA"
"2013-09-06 18:00","2013","09","06","18:00"," ","14.9","","13.2","","90","","","M","","M","","","89.70","","","","","","NA"
"2013-09-06 19:00","2013","09","06","19:00"," ","14.5","","13.3","","93","","","M","","M","","","89.69","","","","","","NA"
"2013-09-06 20:00","2013","09","06","20:00"," ","14.1","","13.1","","94","","","M","","M","","","89.74","","","","","","NA"
"2013-09-06 21:00","2013","09","06","21:00"," ","14.0","","13.1","","94","","","M","","M","","","89.82","","","","","","NA"
"2013-09-06 22:00","2013","09","06","22:00"," ","13.9","","13.1","","95","","","M","","M","","","89.87","","","","","","NA"
"2013-09-06 23:00","2013","09","06","23:00"," ","13.7","","12.9","","95","","","M","","M","","","89.91","","","","","","NA"
"2013-09-07 00:00","2013","09","07","00:00"," ","13.5","","12.6","","94","","","M","","M","","","89.92","","","","","","NA"
"2013-09-07 01:00","2013","09","07","01:00"," ","13.0","","12.2","","95","","","M","","M","","","89.91","","","","","","NA"
"2013-09-07 02:00","2013","09","07","02:00"," ","13.1","","12.1","","94","","","M","","M","","","89.91","","","","","","NA"
"2013-09-07 03:00","2013","09","07","03:00"," ","13.1","","12.1","","94","","","M","","M","","","89.86","","","","","","NA"
"2013-09-07 04:00","2013","09","07","04:00"," ","12.9","","12.0","","94","","","M","","M","","","89.83","","","","","","NA"
"2013-09-07 05:00","2013","09","07","05:00"," ","12.6","","11.9","","95","","","M","","M","","","89.81","","","","","","NA"
"2013-09-07 06:00","2013","09","07","06:00"," ","12.5","","11.8","","95","","","M","","M","","","89.82","","","","","","NA"
"2013-09-07 07:00","2013","09","07","07:00"," ","12.5","","11.7","","95","","","M","","M","","","89.81","","","","","","NA"
"2013-09-07 08:00","2013","09","07","08:00"," ","12.4","","11.4","","94","","","M","","M","","","89.81","","","","","","NA"
"2013-09-07 09:00","2013","09","07","09:00"," ","12.5","","11.7","","95","","","M","","M","","","89.81","","","","","","NA"
"2013-09-07 10:00","2013","09","07","10:00"," ","12.6","","11.7","","94","","","M","","M","","","89.84","","","","","","NA"
"2013-09-07 11:00","2013","09","07","11:00"," ","12.7","","12.1","","96","","","M","","M","","","89.82","","","","","","NA"
"2013-09-07 12:00","2013","09","07","12:00"," ","13.2","","12.2","","94","","","M","","M","","","89.77","","","","","","NA"
"2013-09-07 13:00","2013","09","07","13:00"," ","13.5","","12.5","","94","","","M","","M","","","89.74","","","","","","NA"
"2013-09-07 14:00","2013","09","07","14:00"," ","13.6","","12.4","","92","","","M","","M","","","89.72","","","","","","NA"
"2013-09-07 15:00","2013","09","07","15:00"," ","13.5","","12.4","","93","","","M","","M","","","89.68","","","","","","NA"
"2013-09-07 16:00","2013","09","07","16:00"," ","13.5","","12.7","","95","","","M","","M","","","89.64","","","","","","NA"
"2013-09-07 17:00","2013","09","07","17:00"," ","13.4","","12.8","","96","","","M","","M","","","89.60","","","","","","NA"
"2013-09-07 18:00","2013","09","07","18:00"," ","13.5","","12.9","","96","","","M","","M","","","89.57","","","","","","NA"
"2013-09-07 19:00","2013","09","07","19:00"," ","13.5","","13.0","","97","","","M","","M","","","89.54","","","","","","NA"
"2013-09-07 20:00","2013","09","07","20:00"," ","13.6","","13.2","","97","","","M","","M","","","89.53","","","","","","NA"
"2013-09-07 21:00","2013","09","07","21:00"," ","13.6","","13.2","","97","","","M","","M","","","89.53","","","","","","NA"
"2013-09-07 22:00","2013","09","07","22:00"," ","13.8","","13.3","","97","","","M","","M","","","89.49","","","","","","NA"
"2013-09-07 23:00","2013","09","07","23:00"," ","13.8","","13.3","","97","","","M","","M","","","89.45","","","","","","NA"
"2013-09-08 00:00","2013","09","08","00:00"," ","13.6","","13.1","","97","","","M","","M","","","89.42","","","","","","NA"
"2013-09-08 01:00","2013","09","08","01:00"," ","13.5","","12.9","","96","","","M","","M","","","89.37","","","","","","NA"
"2013-09-08 02:00","2013","09","08","02:00"," ","13.4","","12.8","","96","","","M","","M","","","89.32","","","","","","NA"
"2013-09-08 03:00","2013","09","08","03:00"," ","13.2","","12.7","","97","","","M","","M","","","89.27","","","","","","NA"
"2013-09-08 04:00","2013","09","08","04:00"," ","13.0","","12.5","","97","","","M","","M","","","89.21","","","","","","NA"
"2013-09-08 05:00","2013","09","08","05:00"," ","12.6","","12.1","","97","","","M","","M","","","89.15","","","","","","NA"
"2013-09-08 06:00","2013","09","08","06:00"," ","12.0","","11.6","","97","","","M","","M","","","89.13","","","","","","NA"
"2013-09-08 07:00","2013","09","08","07:00"," ","11.5","","11.2","","98","","","M","","M","","","89.13","","","","","","NA"
"2013-09-08 08:00","2013","09","08","08:00"," ","12.6","","11.5","","93","","","M","","M","","","89.10","","","","","","NA"
"2013-09-08 09:00","2013","09","08","09:00"," ","14.6","","11.9","","84","","","M","","M","","","89.07","","","","","","NA"
"2013-09-08 10:00","2013","09","08","10:00"," ","16.3","","11.4","","73","","","M","","M","","","89.04","","","","","","NA"
"2013-09-08 11:00","2013","09","08","11:00"," ","18.0","","11.9","","68","","","M","","M","","","89.02","","","","","","NA"
"2013-09-08 12:00","2013","09","08","12:00"," ","18.9","","11.2","","61","","","M","","M","","","89.00","","","","","","NA"
"2013-09-08 13:00","2013","09","08","13:00"," ","18.7","","10.5","","59","","","M","","M","","","88.94","","","","","","NA"
"2013-09-08 14:00","2013","09","08","14:00"," ","21.1","","11.1","","53","","","M","","M","","","88.90","","","","","","NA"
"2013-09-08 15:00","2013","09","08","15:00"," ","20.7","","11.1","","54","","","M","","M","","","88.85","","","","","","NA"
"2013-09-08 16:00","2013","09","08","16:00"," ","20.1","","12.2","","60","","","M","","M","","","88.85","","","","","","NA"
"2013-09-08 17:00","2013","09","08","17:00"," ","19.3","","11.9","","62","","","M","","M","","","88.83","","","","","","NA"
"2013-09-08 18:00","2013","09","08","18:00"," ","17.7","","12.7","","73","","","M","","M","","","88.85","","","","","","NA"
"2013-09-08 19:00","2013","09","08","19:00"," ","16.0","","12.4","","79","","","M","","M","","","88.82","","","","","","NA"
"2013-09-08 20:00","2013","09","08","20:00"," ","14.7","","12.9","","89","","","M","","M","","","88.83","","","","","","NA"
"2013-09-08 21:00","2013","09","08","21:00"," ","14.6","","11.9","","84","","","M","","M","","","88.81","","","","","","NA"
"2013-09-08 22:00","2013","09","08","22:00"," ","14.8","","11.9","","83","","","M","","M","","","88.82","","","","","","NA"
"2013-09-08 23:00","2013","09","08","23:00"," ","15.2","","11.6","","79","","","M","","M","","","88.80","","","","","","NA"
"2013-09-09 00:00","2013","09","09","00:00"," ","14.1","","11.0","","82","","","M","","M","","","88.78","","","","","","NA"
"2013-09-09 01:00","2013","09","09","01:00"," ","13.2","","10.7","","85","","","M","","M","","","88.77","","","","","","NA"
"2013-09-09 02:00","2013","09","09","02:00"," ","13.0","","9.7","","80","","","M","","M","","","88.75","","","","","","NA"
"2013-09-09 03:00","2013","09","09","03:00"," ","12.5","","9.7","","83","","","M","","M","","","88.77","","","","","","NA"
"2013-09-09 04:00","2013","09","09","04:00"," ","13.0","","9.2","","78","","","M","","M","","","88.81","","","","","","NA"
"2013-09-09 05:00","2013","09","09","05:00"," ","12.7","","9.0","","78","","","M","","M","","","88.90","","","","","","NA"
"2013-09-09 06:00","2013","09","09","06:00"," ","12.9","","8.7","","76","","","M","","M","","","88.98","","","","","","NA"
"2013-09-09 07:00","2013","09","09","07:00"," ","13.4","","8.9","","74","","","M","","M","","","89.04","","","","","","NA"
"2013-09-09 08:00","2013","09","09","08:00"," ","16.4","","9.7","","65","","","M","","M","","","89.02","","","","","","NA"
"2013-09-09 09:00","2013","09","09","09:00"," ","18.8","","8.5","","51","","","M","","M","","","89.05","","","","","","NA"
"2013-09-09 10:00","2013","09","09","10:00"," ","20.2","","7.9","","45","","","M","","M","","","89.05","","","","","","NA"
"2013-09-09 11:00","2013","09","09","11:00"," ","20.9","","7.2","","41","","","M","","M","","","89.04","","","","","","NA"
"2013-09-09 12:00","2013","09","09","12:00"," ","21.4","","6.9","","39","","","M","","M","","","89.01","","","","","","NA"
"2013-09-09 13:00","2013","09","09","13:00"," ","22.0","","7.8","","40","","","M","","M","","","88.96","","","","","","NA"
"2013-09-09 14:00","2013","09","09","14:00"," ","22.9","","7.6","","37","","","M","","M","","","88.91","","","","","","NA"
"2013-09-09 15:00","2013","09","09","15:00"," ","23.1","","8.2","","38","","","M","","M","","","88.88","","","","","","NA"
"2013-09-09 16:00","2013","09","09","16:00"," ","23.9","","8.3","","37","","","M","","M","","","88.89","","","","","","NA"
"2013-09-09 17:00","2013","09","09","17:00"," ","23.3","","8.4","","39","","","M","","M","","","88.90","","","","","","NA"
"2013-09-09 18:00","2013","09","09","18:00"," ","22.0","","9.2","","44","","","M","","M","","","88.91","","","","","","NA"
"2013-09-09 19:00","2013","09","09","19:00"," ","18.8","","9.8","","56","","","M","","M","","","88.94","","","","","","NA"
"2013-09-09 20:00","2013","09","09","20:00"," ","17.0","","9.9","","63","","","M","","M","","","89.01","","","","","","NA"
"2013-09-09 21:00","2013","09","09","21:00"," ","15.5","","9.3","","67","","","M","","M","","","89.09","","","","","","NA"
"2013-09-09 22:00","2013","09","09","22:00"," ","14.5","","8.8","","69","","","M","","M","","","89.15","","","","","","NA"
"2013-09-09 23:00","2013","09","09","23:00"," ","13.2","","8.8","","75","","","M","","M","","","89.19","","","","","","NA"
"2013-09-10 00:00","2013","09","10","00:00"," ","12.0","","8.4","","79","","","M","","M","","","89.23","","","","","","NA"
"2013-09-10 01:00","2013","09","10","01:00"," ","10.5","","7.8","","83","","","M","","M","","","89.28","","","","","","NA"
"2013-09-10 02:00","2013","09","10","02:00"," ","9.7","","7.4","","86","","","M","","M","","","89.31","","","","","","NA"
"2013-09-10 03:00","2013","09","10","03:00"," ","9.0","","7.1","","88","","","M","","M","","","89.33","","","","","","NA"
"2013-09-10 04:00","2013","09","10","04:00"," ","9.4","","7.2","","86","","","M","","M","","","89.34","","","","","","NA"
"2013-09-10 05:00","2013","09","10","05:00"," ","8.0","","6.2","","88","","","M","","M","","","89.37","","","","","","NA"
"2013-09-10 06:00","2013","09","10","06:00"," ","8.4","","6.8","","90","","","M","","M","","","89.40","","","","","","NA"
"2013-09-10 07:00","2013","09","10","07:00"," ","9.6","","7.6","","87","","","M","","M","","","89.43","","","","","","NA"
"2013-09-10 08:00","2013","09","10","08:00"," ","12.0","","8.5","","79","","","M","","M","","","89.46","","","","","","NA"
"2013-09-10 09:00","2013","09","10","09:00"," ","15.3","","8.4","","63","","","M","","M","","","89.47","","","","","","NA"
"2013-09-10 10:00","2013","09","10","10:00"," ","18.9","","5.8","","42","","","M","","M","","","89.50","","","","","","NA"
"2013-09-10 11:00","2013","09","10","11:00"," ","20.7","","7.2","","42","","","M","","M","","","89.48","","","","","","NA"
"2013-09-10 12:00","2013","09","10","12:00"," ","21.1","","7.7","","42","","","M","","M","","","89.45","","","","","","NA"
"2013-09-10 13:00","2013","09","10","13:00"," ","21.8","","8.6","","43","","","M","","M","","","89.41","","","","","","NA"
"2013-09-10 14:00","2013","09","10","14:00"," ","22.5","","6.8","","36","","","M","","M","","","89.41","","","","","","NA"
"2013-09-10 15:00","2013","09","10","15:00"," ","23.0","","5.2","","31","","","M","","M","","","89.39","","","","","","NA"
"2013-09-10 16:00","2013","09","10","16:00"," ","23.2","","5.8","","32","","","M","","M","","","89.38","","","","","","NA"
"2013-09-10 17:00","2013","09","10","17:00"," ","23.0","","5.5","","32","","","M","","M","","","89.41","","","","","","NA"
"2013-09-10 18:00","2013","09","10","18:00"," ","21.3","","6.1","","37","","","M","","M","","","89.44","","","","","","NA"
"2013-09-10 19:00","2013","09","10","19:00"," ","18.1","","8.6","","54","","","M","","M","","","89.51","","","","","","NA"
"2013-09-10 20:00","2013","09","10","20:00"," ","16.5","","7.1","","54","","","M","","M","","","89.60","","","","","","NA"
"2013-09-10 21:00","2013","09","10","21:00"," ","14.6","","7.3","","62","","","M","","M","","","89.67","","","","","","NA"
"2013-09-10 22:00","2013","09","10","22:00"," ","13.7","","7.2","","65","","","M","","M","","","89.70","","","","","","NA"
"2013-09-10 23:00","2013","09","10","23:00"," ","12.4","","7.0","","70","","","M","","M","","","89.74","","","","","","NA"
"2013-09-11 00:00","2013","09","11","00:00"," ","13.9","","6.1","","59","","","M","","M","","","89.84","","","","","","NA"
"2013-09-11 01:00","2013","09","11","01:00"," ","10.5","","6.2","","75","","","M","","M","","","89.88","","","","","","NA"
"2013-09-11 02:00","2013","09","11","02:00"," ","9.3","","6.3","","81","","","M","","M","","","89.90","","","","","","NA"
"2013-09-11 03:00","2013","09","11","03:00"," ","9.2","","6.4","","83","","","M","","M","","","89.92","","","","","","NA"
"2013-09-11 04:00","2013","09","11","04:00"," ","8.8","","5.8","","81","","","M","","M","","","89.95","","","","","","NA"
"2013-09-11 05:00","2013","09","11","05:00"," ","8.3","","5.7","","84","","","M","","M","","","89.98","","","","","","NA"
"2013-09-11 06:00","2013","09","11","06:00"," ","8.3","","5.6","","83","","","M","","M","","","90.00","","","","","","NA"
"2013-09-11 07:00","2013","09","11","07:00"," ","8.3","","5.9","","85","","","M","","M","","","90.07","","","","","","NA"
"2013-09-11 08:00","2013","09","11","08:00"," ","11.9","","7.0","","72","","","M","","M","","","90.10","","","","","","NA"
"2013-09-11 09:00","2013","09","11","09:00"," ","15.8","","6.6","","54","","","M","","M","","","90.13","","","","","","NA"
"2013-09-11 10:00","2013","09","11","10:00"," ","18.5","","4.9","","41","","","M","","M","","","90.14","","","","","","NA"
"2013-09-11 11:00","2013","09","11","11:00"," ","20.1","","4.6","","36","","","M","","M","","","90.14","","","","","","NA"
"2013-09-11 12:00","2013","09","11","12:00"," ","21.1","","5.5","","36","","","M","","M","","","90.13","","","","","","NA"
"2013-09-11 13:00","2013","09","11","13:00"," ","22.3","","5.8","","34","","","M","","M","","","90.11","","","","","","NA"
"2013-09-11 14:00","2013","09","11","14:00"," ","23.5","","6.7","","34","","","M","","M","","","90.06","","","","","","NA"
"2013-09-11 15:00","2013","09","11","15:00"," ","24.4","","7.6","","34","","","M","","M","","","90.02","","25","","","","NA"
"2013-09-11 16:00","2013","09","11","16:00"," ","24.6","","7.7","","34","","","M","","M","","","89.98","","25","","","","NA"
"2013-09-11 17:00","2013","09","11","17:00"," ","24.3","","7.7","","35","","","M","","M","","","89.94","","25","","","","NA"
"2013-09-11 18:00","2013","09","11","18:00"," ","23.2","","7.5","","36","","","M","","M","","","89.93","","","","","","NA"
"2013-09-11 19:00","2013","09","11","19:00"," ","20.7","","7.6","","43","","","M","","M","","","89.93","","","","","","NA"
"2013-09-11 20:00","2013","09","11","20:00"," ","18.4","","9.0","","54","","","M","","M","","","89.96","","","","","","NA"
"2013-09-11 21:00","2013","09","11","21:00"," ","16.7","","9.9","","64","","","M","","M","","","89.96","","","","","","NA"
"2013-09-11 22:00","2013","09","11","22:00"," ","16.6","","9.9","","65","","","M","","M","","","89.96","","","","","","NA"
"2013-09-11 23:00","2013","09","11","23:00"," ","17.7","","8.3","","54","","","M","","M","","","89.93","","","","","","NA"
"2013-09-12 00:00","2013","09","12","00:00"," ","16.7","","6.5","","51","","","M","","M","","","89.90","","","","","","NA"
"2013-09-12 01:00","2013","09","12","01:00"," ","13.9","","7.3","","64","","","M","","M","","","89.88","","","","","","NA"
"2013-09-12 02:00","2013","09","12","02:00"," ","12.7","","7.8","","72","","","M","","M","","","89.85","","","","","","NA"
"2013-09-12 03:00","2013","09","12","03:00"," ","11.6","","8.4","","81","","","M","","M","","","89.85","","","","","","NA"
"2013-09-12 04:00","2013","09","12","04:00"," ","10.6","","9.0","","90","","","M","","M","","","89.81","","","","","","NA"
"2013-09-12 05:00","2013","09","12","05:00"," ","9.8","","8.3","","90","","","M","","M","","","89.81","","","","","","NA"
"2013-09-12 06:00","2013","09","12","06:00"," ","9.5","","8.1","","91","","","M","","M","","","89.77","","","","","","NA"
"2013-09-12 07:00","2013","09","12","07:00"," ","11.1","","9.6","","90","","","M","","M","","","89.76","","","","","","NA"
"2013-09-12 08:00","2013","09","12","08:00"," ","14.0","","10.5","","79","","","M","","M","","","89.73","","","","","","NA"
"2013-09-12 09:00","2013","09","12","09:00"," ","17.1","","11.2","","68","","","M","","M","","","89.71","","","","","","NA"
"2013-09-12 10:00","2013","09","12","10:00"," ","20.1","","9.6","","51","","","M","","M","","","89.68","","","","","","NA"
"2013-09-12 11:00","2013","09","12","11:00"," ","23.3","","8.7","","39","","","M","","M","","","89.60","","","","","","NA"
"2013-09-12 12:00","2013","09","12","12:00"," ","25.8","","8.9","","34","","","M","","M","","","89.54","","27","","","","NA"
"2013-09-12 13:00","2013","09","12","13:00"," ","27.3","","7.5","","29","","","M","","M","","","89.47","","28","","","","NA"
"2013-09-12 14:00","2013","09","12","14:00"," ","27.8","","6.4","","26","","","M","","M","","","89.41","","28","","","","NA"
"2013-09-12 15:00","2013","09","12","15:00"," ","28.0","","5.3","","24","","","M","","M","","","89.34","","27","","","","NA"
"2013-09-12 16:00","2013","09","12","16:00"," ","27.9","","6.4","","26","","","M","","M","","","89.26","","28","","","","NA"
"2013-09-12 17:00","2013","09","12","17:00"," ","27.4","","6.5","","27","","","M","","M","","","89.20","","27","","","","NA"
"2013-09-12 18:00","2013","09","12","18:00"," ","26.1","","7.2","","30","","","M","","M","","","89.15","","26","","","","NA"
"2013-09-12 19:00","2013","09","12","19:00"," ","22.2","","7.3","","38","","","M","","M","","","89.14","","","","","","NA"
"2013-09-12 20:00","2013","09","12","20:00"," ","22.3","","6.8","","37","","","M","","M","","","89.13","","","","","","NA"
"2013-09-12 21:00","2013","09","12","21:00"," ","20.1","","6.6","","41","","","M","","M","","","89.11","","","","","","NA"
"2013-09-12 22:00","2013","09","12","22:00"," ","18.3","","7.0","","48","","","M","","M","","","89.06","","","","","","NA"
"2013-09-12 23:00","2013","09","12","23:00"," ","16.3","","7.5","","56","","","M","","M","","","89.02","","","","","","NA"
"2013-09-13 00:00","2013","09","13","00:00"," ","14.2","","7.5","","64","","","M","","M","","","88.98","","","","","","NA"
"2013-09-13 01:00","2013","09","13","01:00"," ","12.9","","7.9","","72","","","M","","M","","","88.95","","","","","","NA"
"2013-09-13 02:00","2013","09","13","02:00"," ","13.3","","8.2","","71","","","M","","M","","","88.92","","","","","","NA"
"2013-09-13 03:00","2013","09","13","03:00"," ","11.6","","8.5","","81","","","M","","M","","","88.90","","","","","","NA"
"2013-09-13 04:00","2013","09","13","04:00"," ","12.2","","8.7","","79","","","M","","M","","","88.88","","","","","","NA"
"2013-09-13 05:00","2013","09","13","05:00"," ","12.5","","7.3","","71","","","M","","M","","","88.89","","","","","","NA"
"2013-09-13 06:00","2013","09","13","06:00"," ","11.8","","7.4","","74","","","M","","M","","","88.89","","","","","","NA"
"2013-09-13 07:00","2013","09","13","07:00"," ","14.2","","7.9","","66","","","M","","M","","","88.92","","","","","","NA"
"2013-09-13 08:00","2013","09","13","08:00"," ","19.1","","8.1","","49","","","M","","M","","","88.93","","","","","","NA"
"2013-09-13 09:00","2013","09","13","09:00"," ","22.1","","7.9","","40","","","M","","M","","","88.95","","","","","","NA"
"2013-09-13 10:00","2013","09","13","10:00"," ","23.2","","8.8","","40","","","M","","M","","","88.96","","","","","","NA"
"2013-09-13 11:00","2013","09","13","11:00"," ","25.0","","8.5","","35","","","M","","M","","","88.96","","26","","","","NA"
"2013-09-13 12:00","2013","09","13","12:00"," ","26.0","","8.5","","33","","","M","","M","","","88.95","","27","","","","NA"
"2013-09-13 13:00","2013","09","13","13:00"," ","26.9","","7.7","","30","","","M","","M","","","88.93","","27","","","","NA"
"2013-09-13 14:00","2013","09","13","14:00"," ","26.9","","7.5","","29","","","M","","M","","","88.93","","27","","","","NA"
"2013-09-13 15:00","2013","09","13","15:00"," ","27.0","","8.3","","31","","","M","","M","","","88.94","","28","","","","NA"
"2013-09-13 16:00","2013","09","13","16:00"," ","26.5","","8.7","","32","","","M","","M","","","88.93","","27","","","","NA"
"2013-09-13 17:00","2013","09","13","17:00"," ","25.8","","8.5","","33","","","M","","M","","","88.93","","26","","","","NA"
"2013-09-13 18:00","2013","09","13","18:00"," ","24.3","","8.0","","35","","","M","","M","","","88.94","","25","","","","NA"
"2013-09-13 19:00","2013","09","13","19:00"," ","20.9","","9.4","","48","","","M","","M","","","88.97","","","","","","NA"
"2013-09-13 20:00","2013","09","13","20:00"," ","18.4","","9.5","","56","","","M","","M","","","89.06","","","","","","NA"
"2013-09-13 21:00","2013","09","13","21:00"," ","18.5","","10.2","","58","","","M","","M","","","89.13","","","","","","NA"
"2013-09-13 22:00","2013","09","13","22:00"," ","17.9","","9.9","","59","","","M","","M","","","89.18","","","","","","NA"
"2013-09-13 23:00","2013","09","13","23:00"," ","17.7","","9.9","","60","","","M","","M","","","89.23","","","","","","NA"
"2013-09-14 00:00","2013","09","14","00:00"," ","16.8","","9.8","","63","","","M","","M","","","89.26","","","","","","NA"
"2013-09-14 01:00","2013","09","14","01:00"," ","15.9","","10.0","","68","","","M","","M","","","89.31","","","","","","NA"
"2013-09-14 02:00","2013","09","14","02:00"," ","14.7","","9.9","","73","","","M","","M","","","89.34","","","","","","NA"
"2013-09-14 03:00","2013","09","14","03:00"," ","14.2","","10.0","","76","","","M","","M","","","89.39","","","","","","NA"
"2013-09-14 04:00","2013","09","14","04:00"," ","14.5","","10.6","","77","","","M","","M","","","89.43","","","","","","NA"
"2013-09-14 05:00","2013","09","14","05:00"," ","13.5","","10.3","","81","","","M","","M","","","89.48","","","","","","NA"
"2013-09-14 06:00","2013","09","14","06:00"," ","12.9","","10.2","","84","","","M","","M","","","89.52","","","","","","NA"
"2013-09-14 07:00","2013","09","14","07:00"," ","12.4","","10.3","","87","","","M","","M","","","89.58","","","","","","NA"
"2013-09-14 08:00","2013","09","14","08:00"," ","14.9","","11.0","","77","","","M","","M","","","89.62","","","","","","NA"
"2013-09-14 09:00","2013","09","14","09:00"," ","16.1","","8.6","","61","","","M","","M","","","89.65","","","","","","NA"
"2013-09-14 10:00","2013","09","14","10:00"," ","17.2","","8.4","","56","","","M","","M","","","89.64","","","","","","NA"
"2013-09-14 11:00","2013","09","14","11:00"," ","18.3","","8.9","","54","","","M","","M","","","89.64","","","","","","NA"
"2013-09-14 12:00","2013","09","14","12:00"," ","20.0","","10.0","","53","","","M","","M","","","89.59","","","","","","NA"
"2013-09-14 13:00","2013","09","14","13:00"," ","21.6","","10.1","","48","","","M","","M","","","89.54","","","","","","NA"
"2013-09-14 14:00","2013","09","14","14:00"," ","22.3","","9.9","","45","","","M","","M","","","89.48","","","","","","NA"
"2013-09-14 15:00","2013","09","14","15:00"," ","23.0","","8.5","","39","","","M","","M","","","89.44","","","","","","NA"
"2013-09-14 16:00","2013","09","14","16:00"," ","23.1","","8.3","","39","","","M","","M","","","89.42","","","","","","NA"
"2013-09-14 17:00","2013","09","14","17:00"," ","22.4","","7.5","","38","","","M","","M","","","89.39","","","","","","NA"
"2013-09-14 18:00","2013","09","14","18:00"," ","21.0","","6.9","","40","","","M","","M","","","89.39","","","","","","NA"
"2013-09-14 19:00","2013","09","14","19:00"," ","19.1","","7.5","","47","","","M","","M","","","89.42","","","","","","NA"
"2013-09-14 20:00","2013","09","14","20:00"," ","17.3","","4.9","","44","","","M","","M","","","89.43","","","","","","NA"
"2013-09-14 21:00","2013","09","14","21:00"," ","15.6","","4.4","","47","","","M","","M","","","89.44","","","","","","NA"
"2013-09-14 22:00","2013","09","14","22:00"," ","14.7","","4.8","","51","","","M","","M","","","89.46","","","","","","NA"
"2013-09-14 23:00","2013","09","14","23:00"," ","14.3","","5.0","","54","","","M","","M","","","89.46","","","","","","NA"
"2013-09-15 00:00","2013","09","15","00:00"," ","13.1","","5.2","","59","","","M","","M","","","89.45","","","","","","NA"
"2013-09-15 01:00","2013","09","15","01:00"," ","12.7","","5.1","","60","","","M","","M","","","89.41","","","","","","NA"
"2013-09-15 02:00","2013","09","15","02:00"," ","11.4","","4.9","","64","","","M","","M","","","89.38","","","","","","NA"
"2013-09-15 03:00","2013","09","15","03:00"," ","10.6","","5.4","","70","","","M","","M","","","89.36","","","","","","NA"
"2013-09-15 04:00","2013","09","15","04:00"," ","11.0","","5.6","","69","","","M","","M","","","89.35","","","","","","NA"
"2013-09-15 05:00","2013","09","15","05:00"," ","10.9","","5.6","","70","","","M","","M","","","89.33","","","","","","NA"
"2013-09-15 06:00","2013","09","15","06:00"," ","9.9","","5.2","","73","","","M","","M","","","89.32","","","","","","NA"
"2013-09-15 07:00","2013","09","15","07:00"," ","10.3","","5.1","","70","","","M","","M","","","89.31","","","","","","NA"
"2013-09-15 08:00","2013","09","15","08:00"," ","11.7","","5.3","","65","","","M","","M","","","89.28","","","","","","NA"
"2013-09-15 09:00","2013","09","15","09:00"," ","13.6","","6.3","","61","","","M","","M","","","89.28","","","","","","NA"
"2013-09-15 10:00","2013","09","15","10:00"," ","16.3","","7.6","","56","","","M","","M","","","89.25","","","","","","NA"
"2013-09-15 11:00","2013","09","15","11:00"," ","20.3","","7.2","","43","","","M","","M","","","89.20","","","","","","NA"
"2013-09-15 12:00","2013","09","15","12:00"," ","23.1","","5.5","","32","","","M","","M","","","89.15","","","","","","NA"
"2013-09-15 13:00","2013","09","15","13:00"," ","24.6","","4.2","","27","","","M","","M","","","89.10","","","","","","NA"
"2013-09-15 14:00","2013","09","15","14:00"," ","24.9","","6.4","","31","","","M","","M","","","89.00","","25","","","","NA"
"2013-09-15 15:00","2013","09","15","15:00"," ","25.3","","5.1","","27","","","M","","M","","","88.94","","25","","","","NA"
"2013-09-15 16:00","2013","09","15","16:00"," ","25.3","","5.3","","28","","","M","","M","","","88.85","","25","","","","NA"
"2013-09-15 17:00","2013","09","15","17:00"," ","24.3","","5.4","","30","","","M","","M","","","88.82","","","","","","NA"
"2013-09-15 18:00","2013","09","15","18:00"," ","22.6","","5.4","","33","","","M","","M","","","88.79","","","","","","NA"
"2013-09-15 19:00","2013","09","15","19:00"," ","20.5","","5.1","","36","","","M","","M","","","88.74","","","","","","NA"
"2013-09-15 20:00","2013","09","15","20:00"," ","18.9","","6.6","","45","","","M","","M","","","88.71","","","","","","NA"
"2013-09-15 21:00","2013","09","15","21:00"," ","18.4","","7.5","","49","","","M","","M","","","88.64","","","","","","NA"
"2013-09-15 22:00","2013","09","15","22:00"," ","17.7","","8.1","","53","","","M","","M","","","88.56","","","","","","NA"
"2013-09-15 23:00","2013","09","15","23:00"," ","17.2","","8.3","","56","","","M","","M","","","88.52","","","","","","NA"
"2013-09-16 00:00","2013","09","16","00:00"," ","15.9","","8.4","","61","","","M","","M","","","88.46","","","","","","NA"
"2013-09-16 01:00","2013","09","16","01:00"," ","14.4","","8.6","","68","","","M","","M","","","88.39","","","","","","NA"
"2013-09-16 02:00","2013","09","16","02:00"," ","13.3","","8.2","","71","","","M","","M","","","88.35","","","","","","NA"
"2013-09-16 03:00","2013","09","16","03:00"," ","12.5","","8.7","","78","","","M","","M","","","88.28","","","","","","NA"
"2013-09-16 04:00","2013","09","16","04:00"," ","12.0","","8.5","","79","","","M","","M","","","88.27","","","","","","NA"
"2013-09-16 05:00","2013","09","16","05:00"," ","11.6","","8.7","","82","","","M","","M","","","88.24","","","","","","NA"
"2013-09-16 06:00","2013","09","16","06:00"," ","11.3","","8.3","","82","","","M","","M","","","88.21","","","","","","NA"
"2013-09-16 07:00","2013","09","16","07:00"," ","13.1","","8.6","","74","","","M","","M","","","88.12","","","","","","NA"
"2013-09-16 08:00","2013","09","16","08:00"," ","16.6","","9.5","","63","","","M","","M","","","88.15","","","","","","NA"
"2013-09-16 09:00","2013","09","16","09:00"," ","18.4","","9.7","","57","","","M","","M","","","88.13","","","","","","NA"
"2013-09-16 10:00","2013","09","16","10:00"," ","23.1","","9.6","","42","","","M","","M","","","88.10","","","","","","NA"
"2013-09-16 11:00","2013","09","16","11:00"," ","25.6","","7.7","","32","","","M","","M","","","88.06","","26","","","","NA"
"2013-09-16 12:00","2013","09","16","12:00"," ","26.5","","6.0","","27","","","M","","M","","","87.99","","26","","","","NA"
"2013-09-16 13:00","2013","09","16","13:00"," ","26.1","","4.9","","26","","","M","","M","","","87.98","","25","","","","NA"
"2013-09-16 14:00","2013","09","16","14:00"," ","21.9","","5.8","","35","","","M","","M","","","88.07","","","","","","NA"
"2013-09-16 15:00","2013","09","16","15:00"," ","21.7","","5.3","","34","","","M","","M","","","88.04","","","","","","NA"
"2013-09-16 16:00","2013","09","16","16:00"," ","23.1","","5.6","","32","","","M","","M","","","88.01","","","","","","NA"
"2013-09-16 17:00","2013","09","16","17:00"," ","22.2","","5.1","","33","","","M","","M","","","88.02","","","","","","NA"
"2013-09-16 18:00","2013","09","16","18:00"," ","20.0","","5.2","","38","","","M","","M","","","88.02","","","","","","NA"
"2013-09-16 19:00","2013","09","16","19:00"," ","16.7","","6.5","","51","","","M","","M","","","88.05","","","","","","NA"
"2013-09-16 20:00","2013","09","16","20:00"," ","15.4","","6.2","","54","","","M","","M","","","88.08","","","","","","NA"
"2013-09-16 21:00","2013","09","16","21:00"," ","14.8","","5.6","","54","","","M","","M","","","88.06","","","","","","NA"
"2013-09-16 22:00","2013","09","16","22:00"," ","14.7","","4.5","","50","","","M","","M","","","88.13","","","","","","NA"
"2013-09-16 23:00","2013","09","16","23:00"," ","15.5","","3.2","","44","","","M","","M","","","88.14","","","","","","NA"
"2013-09-17 00:00","2013","09","17","00:00"," ","15.4","","3.3","","44","","","M","","M","","","88.16","","","","","","NA"
"2013-09-17 01:00","2013","09","17","01:00"," ","15.9","","3.4","","43","","","M","","M","","","88.18","","","","","","NA"
"2013-09-17 02:00","2013","09","17","02:00"," ","15.5","","3.8","","46","","","M","","M","","","88.20","","","","","","NA"
"2013-09-17 03:00","2013","09","17","03:00"," ","15.7","","4.1","","46","","","M","","M","","","88.22","","","","","","NA"
"2013-09-17 04:00","2013","09","17","04:00"," ","14.1","","4.2","","51","","","M","","M","","","88.23","","","","","","NA"
"2013-09-17 05:00","2013","09","17","05:00"," ","15.4","","3.3","","44","","","M","","M","","","88.26","","","","","","NA"
"2013-09-17 06:00","2013","09","17","06:00"," ","11.0","","4.7","","65","","","M","","M","","","88.29","","","","","","NA"
"2013-09-17 07:00","2013","09","17","07:00"," ","11.6","","5.4","","66","","","M","","M","","","88.34","","","","","","NA"
"2013-09-17 08:00","2013","09","17","08:00"," ","14.9","","5.6","","54","","","M","","M","","","88.34","","","","","","NA"
"2013-09-17 09:00","2013","09","17","09:00"," ","16.4","","6.3","","51","","","M","","M","","","88.34","","","","","","NA"
"2013-09-17 10:00","2013","09","17","10:00"," ","17.9","","4.2","","40","","","M","","M","","","88.33","","","","","","NA"
"2013-09-17 11:00","2013","09","17","11:00"," ","18.3","","4.0","","39","","","M","","M","","","88.30","","","","","","NA"
"2013-09-17 12:00","2013","09","17","12:00"," ","19.5","","3.7","","35","","","M","","M","","","88.27","","","","","","NA"
"2013-09-17 13:00","2013","09","17","13:00"," ","19.9","","3.9","","35","","","M","","M","","","88.26","","","","","","NA"
"2013-09-17 14:00","2013","09","17","14:00"," ","20.3","","2.8","","31","","","M","","M","","","88.22","","","","","","NA"
"2013-09-17 15:00","2013","09","17","15:00"," ","19.3","","3.8","","36","","","M","","M","","","88.19","","","","","","NA"
"2013-09-17 16:00","2013","09","17","16:00"," ","18.9","","5.2","","41","","","M","","M","","","88.19","","","","","","NA"
"2013-09-17 17:00","2013","09","17","17:00"," ","18.3","","5.1","","42","","","M","","M","","","88.17","","","","","","NA"
"2013-09-17 18:00","2013","09","17","18:00"," ","17.3","","5.5","","46","","","M","","M","","","88.17","","","","","","NA"
"2013-09-17 19:00","2013","09","17","19:00"," ","12.6","","6.7","","67","","","M","","M","","","88.19","","","","","","NA"
"2013-09-17 20:00","2013","09","17","20:00"," ","12.1","","7.3","","72","","","M","","M","","","88.29","","","","","","NA"
"2013-09-17 21:00","2013","09","17","21:00"," ","11.1","","8.0","","81","","","M","","M","","","88.33","","","","","","NA"
"2013-09-17 22:00","2013","09","17","22:00"," ","11.4","","7.7","","78","","","M","","M","","","88.37","","","","","","NA"
"2013-09-17 23:00","2013","09","17","23:00"," ","11.1","","5.4","","68","","","M","","M","","","88.41","","","","","","NA"
"2013-09-18 00:00","2013","09","18","00:00"," ","9.2","","6.9","","86","","","M","","M","","","88.46","","","","","","NA"
"2013-09-18 01:00","2013","09","18","01:00"," ","8.4","","6.2","","86","","","M","","M","","","88.50","","","","","","NA"
"2013-09-18 02:00","2013","09","18","02:00"," ","8.4","","6.4","","87","","","M","","M","","","88.54","","","","","","NA"
"2013-09-18 03:00","2013","09","18","03:00"," ","8.1","","6.3","","88","","","M","","M","","","88.57","","","","","","NA"
"2013-09-18 04:00","2013","09","18","04:00"," ","7.9","","5.9","","87","","","M","","M","","","88.55","","","","","","NA"
"2013-09-18 05:00","2013","09","18","05:00"," ","7.8","","6.4","","91","","","M","","M","","","88.58","","","","","","NA"
"2013-09-18 06:00","2013","09","18","06:00"," ","7.4","","6.4","","93","","","M","","M","","","88.67","","","","","","NA"
"2013-09-18 07:00","2013","09","18","07:00"," ","7.2","","6.1","","93","","","M","","M","","","88.69","","","","","","NA"
"2013-09-18 08:00","2013","09","18","08:00"," ","6.4","","4.5","","88","","","M","","M","","","88.73","","","","","","NA"
"2013-09-18 09:00","2013","09","18","09:00"," ","6.3","","5.0","","91","","","M","","M","","","88.78","","","","","","NA"
"2013-09-18 10:00","2013","09","18","10:00"," ","6.1","","4.7","","91","","","M","","M","","","88.82","","","","","","NA"
"2013-09-18 11:00","2013","09","18","11:00"," ","5.9","","4.5","","91","","","M","","M","","","88.83","","","","","","NA"
"2013-09-18 12:00","2013","09","18","12:00"," ","6.2","","4.6","","89","","","M","","M","","","88.88","","","","","","NA"
"2013-09-18 13:00","2013","09","18","13:00"," ","6.0","","3.8","","86","","","M","","M","","","88.93","","","","","","NA"
"2013-09-18 14:00","2013","09","18","14:00"," ","6.5","","4.8","","89","","","M","","M","","","88.95","","","","","","NA"
"2013-09-18 15:00","2013","09","18","15:00"," ","6.9","","5.1","","88","","","M","","M","","","88.95","","","","","","NA"
"2013-09-18 16:00","2013","09","18","16:00"," ","7.5","","5.9","","90","","","M","","M","","","88.98","","","","","","NA"
"2013-09-18 17:00","2013","09","18","17:00"," ","7.3","","5.5","","88","","","M","","M","","","89.02","","","","","","NA"
"2013-09-18 18:00","2013","09","18","18:00"," ","7.3","","5.7","","90","","","M","","M","","","89.09","","","","","","NA"
"2013-09-18 19:00","2013","09","18","19:00"," ","7.2","","6.0","","92","","","M","","M","","","89.12","","","","","","NA"
"2013-09-18 20:00","2013","09","18","20:00"," ","7.1","","5.5","","90","","","M","","M","","","89.14","","","","","","NA"
"2013-09-18 21:00","2013","09","18","21:00"," ","6.9","","5.2","","89","","","M","","M","","","89.18","","","","","","NA"
"2013-09-18 22:00","2013","09","18","22:00"," ","6.9","","4.9","","87","","","M","","M","","","89.20","","","","","","NA"
"2013-09-18 23:00","2013","09","18","23:00"," ","7.0","","4.6","","85","","","M","","M","","","89.21","","","","","","NA"
"2013-09-19 00:00","2013","09","19","00:00"," ","6.7","","4.6","","86","","","M","","M","","","89.21","","","","","","NA"
"2013-09-19 01:00","2013","09","19","01:00"," ","5.6","","4.5","","93","","","M","","M","","","89.22","","","","","","NA"
"2013-09-19 02:00","2013","09","19","02:00"," ","5.3","","4.5","","95","","","M","","M","","","89.25","","","","","","NA"
"2013-09-19 03:00","2013","09","19","03:00"," ","5.6","","4.0","","89","","","M","","M","","","89.25","","","","","","NA"
"2013-09-19 04:00","2013","09","19","04:00"," ","5.1","","3.9","","92","","","M","","M","","","89.28","","","","","","NA"
"2013-09-19 05:00","2013","09","19","05:00"," ","4.7","","3.4","","91","","","M","","M","","","89.30","","","","","","NA"
"2013-09-19 06:00","2013","09","19","06:00"," ","4.9","","3.9","","93","","","M","","M","","","89.33","","","","","","NA"
"2013-09-19 07:00","2013","09","19","07:00"," ","5.1","","3.9","","92","","","M","","M","","","89.37","","","","","","NA"
"2013-09-19 08:00","2013","09","19","08:00"," ","5.7","","4.4","","91","","","M","","M","","","89.39","","","","","","NA"
"2013-09-19 09:00","2013","09","19","09:00"," ","9.3","","5.3","","76","","","M","","M","","","89.40","","","","","","NA"
"2013-09-19 10:00","2013","09","19","10:00"," ","11.8","","4.7","","62","","","M","","M","","","89.37","","","","","","NA"
"2013-09-19 11:00","2013","09","19","11:00"," ","14.3","","4.0","","50","","","M","","M","","","89.36","","","","","","NA"
"2013-09-19 12:00","2013","09","19","12:00"," ","15.1","","3.5","","46","","","M","","M","","","89.30","","","","","","NA"
"2013-09-19 13:00","2013","09","19","13:00"," ","16.2","","3.0","","41","","","M","","M","","","89.25","","","","","","NA"
"2013-09-19 14:00","2013","09","19","14:00"," ","16.5","","2.1","","38","","","M","","M","","","89.20","","","","","","NA"
"2013-09-19 15:00","2013","09","19","15:00"," ","17.1","","1.8","","36","","","M","","M","","","89.16","","","","","","NA"
"2013-09-19 16:00","2013","09","19","16:00"," ","17.2","","1.8","","35","","","M","","M","","","89.12","","","","","","NA"
"2013-09-19 17:00","2013","09","19","17:00"," ","16.8","","2.4","","38","","","M","","M","","","89.06","","","","","","NA"
"2013-09-19 18:00","2013","09","19","18:00"," ","15.4","","2.7","","42","","","M","","M","","","89.03","","","","","","NA"
"2013-09-19 19:00","2013","09","19","19:00"," ","13.6","","3.0","","49","","","M","","M","","","89.02","","","","","","NA"
"2013-09-19 20:00","2013","09","19","20:00"," ","13.3","","2.3","","47","","","M","","M","","","89.02","","","","","","NA"
"2013-09-19 21:00","2013","09","19","21:00"," ","11.4","","2.3","","54","","","M","","M","","","89.00","","","","","","NA"
"2013-09-19 22:00","2013","09","19","22:00"," ","9.6","","2.8","","63","","","M","","M","","","88.98","","","","","","NA"
"2013-09-19 23:00","2013","09","19","23:00"," ","8.5","","2.6","","66","","","M","","M","","","88.95","","","","","","NA"
"2013-09-20 00:00","2013","09","20","00:00"," ","7.6","","2.7","","71","","","M","","M","","","88.90","","","","","","NA"
"2013-09-20 01:00","2013","09","20","01:00"," ","7.1","","2.3","","71","","","M","","M","","","88.89","","","","","","NA"
"2013-09-20 02:00","2013","09","20","02:00"," ","7.6","","2.4","","70","","","M","","M","","","88.83","","","","","","NA"
"2013-09-20 03:00","2013","09","20","03:00"," ","7.2","","2.6","","73","","","M","","M","","","88.79","","","","","","NA"
"2013-09-20 04:00","2013","09","20","04:00"," ","7.0","","2.6","","74","","","M","","M","","","88.76","","","","","","NA"
"2013-09-20 05:00","2013","09","20","05:00"," ","5.9","","2.1","","77","","","M","","M","","","88.72","","","","","","NA"
"2013-09-20 06:00","2013","09","20","06:00"," ","5.5","","2.5","","81","","","M","","M","","","88.70","","","","","","NA"
"2013-09-20 07:00","2013","09","20","07:00"," ","4.9","","2.3","","83","","","M","","M","","","88.66","","","","","","NA"
"2013-09-20 08:00","2013","09","20","08:00"," ","7.7","","4.2","","78","","","M","","M","","","88.63","","","","","","NA"
"2013-09-20 09:00","2013","09","20","09:00"," ","8.8","","5.2","","78","","","M","","M","","","88.62","","","","","","NA"
"2013-09-20 10:00","2013","09","20","10:00"," ","13.1","","5.1","","58","","","M","","M","","","88.56","","","","","","NA"
"2013-09-20 11:00","2013","09","20","11:00"," ","15.5","","4.3","","47","","","M","","M","","","88.51","","","","","","NA"
"2013-09-20 12:00","2013","09","20","12:00"," ","17.1","","2.4","","37","","","M","","M","","","88.48","","","","","","NA"
"2013-09-20 13:00","2013","09","20","13:00"," ","19.8","","2.6","","32","","","M","","M","","","88.40","","","","","","NA"
"2013-09-20 14:00","2013","09","20","14:00"," ","20.5","","2.7","","31","","","M","","M","","","88.35","","","","","","NA"
"2013-09-20 15:00","2013","09","20","15:00"," ","22.0","","1.3","","25","","","M","","M","","","88.30","","","","","","NA"
"2013-09-20 16:00","2013","09","20","16:00"," ","22.3","","0.8","","24","","","M","","M","","","88.25","","","","","","NA"
"2013-09-20 17:00","2013","09","20","17:00"," ","21.4","","-0.8","","23","","","M","","M","","","88.19","","","","","","NA"
"2013-09-20 18:00","2013","09","20","18:00"," ","19.8","","0.4","","27","","","M","","M","","","88.15","","","","","","NA"
"2013-09-20 19:00","2013","09","20","19:00"," ","17.4","","2.7","","37","","","M","","M","","","88.11","","","","","","NA"
"2013-09-20 20:00","2013","09","20","20:00"," ","14.8","","2.8","","44","","","M","","M","","","88.10","","","","","","NA"
"2013-09-20 21:00","2013","09","20","21:00"," ","10.5","","4.9","","68","","","M","","M","","","88.10","","","","","","NA"
"2013-09-20 22:00","2013","09","20","22:00"," ","8.4","","3.8","","73","","","M","","M","","","88.06","","","","","","NA"
"2013-09-20 23:00","2013","09","20","23:00"," ","9.7","","4.3","","69","","","M","","M","","","88.04","","","","","","NA"
"2013-09-21 00:00","2013","09","21","00:00"," ","7.7","","2.7","","71","","","M","","M","","","88.01","","","","","","NA"
"2013-09-21 01:00","2013","09","21","01:00"," ","7.2","","3.0","","75","","","M","","M","","","87.97","","","","","","NA"
"2013-09-21 02:00","2013","09","21","02:00"," ","7.0","","2.6","","74","","","M","","M","","","87.95","","","","","","NA"
"2013-09-21 03:00","2013","09","21","03:00"," ","8.1","","2.7","","69","","","M","","M","","","87.93","","","","","","NA"
"2013-09-21 04:00","2013","09","21","04:00"," ","6.1","","2.5","","78","","","M","","M","","","87.92","","","","","","NA"
"2013-09-21 05:00","2013","09","21","05:00"," ","6.8","","2.6","","75","","","M","","M","","","87.88","","","","","","NA"
"2013-09-21 06:00","2013","09","21","06:00"," ","6.4","","2.6","","77","","","M","","M","","","87.83","","","","","","NA"
"2013-09-21 07:00","2013","09","21","07:00"," ","6.3","","2.6","","77","","","M","","M","","","87.82","","","","","","NA"
"2013-09-21 08:00","2013","09","21","08:00"," ","8.9","","3.8","","70","","","M","","M","","","87.80","","","","","","NA"
"2013-09-21 09:00","2013","09","21","09:00"," ","11.5","","4.5","","62","","","M","","M","","","87.78","","","","","","NA"
"2013-09-21 10:00","2013","09","21","10:00"," ","13.6","","4.7","","55","","","M","","M","","","87.68","","","","","","NA"
"2013-09-21 11:00","2013","09","21","11:00"," ","16.8","","4.7","","45","","","M","","M","","","87.62","","","","","","NA"
"2013-09-21 12:00","2013","09","21","12:00"," ","20.5","","6.6","","40","","","M","","M","","","87.55","","","","","","NA"
"2013-09-21 13:00","2013","09","21","13:00"," ","23.1","","3.3","","27","","","M","","M","","","87.43","","","","","","NA"
"2013-09-21 14:00","2013","09","21","14:00"," ","22.7","","2.0","","26","","","M","","M","","","87.37","","","","","","NA"
"2013-09-21 15:00","2013","09","21","15:00"," ","22.9","","2.3","","26","","","M","","M","","","87.37","","","","","","NA"
"2013-09-21 16:00","2013","09","21","16:00"," ","21.6","","1.1","","26","","","M","","M","","","87.43","","","","","","NA"
"2013-09-21 17:00","2013","09","21","17:00"," ","16.7","","3.3","","41","","","M","","M","","","87.51","","","","","","NA"
"2013-09-21 18:00","2013","09","21","18:00"," ","16.0","","2.2","","39","","","M","","M","","","87.52","","","","","","NA"
"2013-09-21 19:00","2013","09","21","19:00"," ","14.5","","1.8","","42","","","M","","M","","","87.58","","","","","","NA"
"2013-09-21 20:00","2013","09","21","20:00"," ","13.9","","0.4","","40","","","M","","M","","","87.65","","","","","","NA"
"2013-09-21 21:00","2013","09","21","21:00"," ","13.0","","1.1","","44","","","M","","M","","","87.70","","","","","","NA"
"2013-09-21 22:00","2013","09","21","22:00"," ","12.1","","1.2","","47","","","M","","M","","","87.68","","","","","","NA"
"2013-09-21 23:00","2013","09","21","23:00"," ","10.9","","0.6","","49","","","M","","M","","","87.73","","","","","","NA"
"2013-09-22 00:00","2013","09","22","00:00"," ","10.7","","0.1","","48","","","M","","M","","","87.74","","","","","","NA"
"2013-09-22 01:00","2013","09","22","01:00"," ","9.8","","-0.1","","50","","","M","","M","","","87.74","","","","","","NA"
"2013-09-22 02:00","2013","09","22","02:00"," ","7.5","","0.9","","63","","","M","","M","","","87.76","","","","","","NA"
"2013-09-22 03:00","2013","09","22","03:00"," ","8.7","","0.4","","56","","","M","","M","","","87.77","","","","","","NA"
"2013-09-22 04:00","2013","09","22","04:00"," ","5.1","","0.4","","72","","","M","","M","","","87.82","","","","","","NA"
"2013-09-22 05:00","2013","09","22","05:00"," ","5.3","","1.0","","74","","","M","","M","","","87.80","","","","","","NA"
"2013-09-22 06:00","2013","09","22","06:00"," ","4.6","","0.8","","76","","","M","","M","","","87.82","","","","","","NA"
"2013-09-22 07:00","2013","09","22","07:00"," ","5.1","","2.3","","82","","","M","","M","","","87.78","","","","","","NA"
"2013-09-22 08:00","2013","09","22","08:00"," ","9.1","","3.0","","66","","","M","","M","","","87.77","","","","","","NA"
"2013-09-22 09:00","2013","09","22","09:00"," ","12.0","","1.9","","50","","","M","","M","","","87.77","","","","","","NA"
"2013-09-22 10:00","2013","09","22","10:00"," ","14.8","","0.7","","38","","","M","","M","","","87.73","","","","","","NA"
"2013-09-22 11:00","2013","09","22","11:00"," ","16.3","","2.8","","40","","","M","","M","","","87.67","","","","","","NA"
"2013-09-22 12:00","2013","09","22","12:00"," ","17.8","","1.9","","34","","","M","","M","","","87.60","","","","","","NA"
"2013-09-22 13:00","2013","09","22","13:00"," ","18.4","","0.7","","30","","","M","","M","","","87.54","","","","","","NA"
"2013-09-22 14:00","2013","09","22","14:00"," ","19.4","","0.8","","29","","","M","","M","","","87.48","","","","","","NA"
"2013-09-22 15:00","2013","09","22","15:00"," ","19.6","","-0.1","","27","","","M","","M","","","87.45","","","","","","NA"
"2013-09-22 16:00","2013","09","22","16:00"," ","17.9","","1.2","","32","","","M","","M","","","87.45","","","","","","NA"
"2013-09-22 17:00","2013","09","22","17:00"," ","17.4","","0.8","","33","","","M","","M","","","87.47","","","","","","NA"
"2013-09-22 18:00","2013","09","22","18:00"," ","13.3","","3.1","","50","","","M","","M","","","87.52","","","","","","NA"
"2013-09-22 19:00","2013","09","22","19:00"," ","11.7","","3.3","","56","","","M","","M","","","87.52","","","","","","NA"
"2013-09-22 20:00","2013","09","22","20:00"," ","11.8","","3.4","","56","","","M","","M","","","87.50","","","","","","NA"
"2013-09-22 21:00","2013","09","22","21:00"," ","11.9","","2.3","","52","","","M","","M","","","87.49","","","","","","NA"
"2013-09-22 22:00","2013","09","22","22:00"," ","11.5","","2.0","","52","","","M","","M","","","87.47","","","","","","NA"
"2013-09-22 23:00","2013","09","22","23:00"," ","11.0","","1.5","","52","","","M","","M","","","87.46","","","","","","NA"
"2013-09-23 00:00","2013","09","23","00:00"," ","9.4","","1.4","","57","","","M","","M","","","87.49","","","","","","NA"
"2013-09-23 01:00","2013","09","23","01:00"," ","6.5","","2.4","","75","","","M","","M","","","87.48","","","","","","NA"
"2013-09-23 02:00","2013","09","23","02:00"," ","6.9","","1.9","","70","","","M","","M","","","87.51","","","","","","NA"
"2013-09-23 03:00","2013","09","23","03:00"," ","8.1","","2.2","","66","","","M","","M","","","87.54","","","","","","NA"
"2013-09-23 04:00","2013","09","23","04:00"," ","8.9","","2.6","","65","","","M","","M","","","87.58","","","","","","NA"
"2013-09-23 05:00","2013","09","23","05:00"," ","10.4","","2.3","","57","","","M","","M","","","87.62","","","","","","NA"
"2013-09-23 06:00","2013","09","23","06:00"," ","10.4","","1.0","","52","","","M","","M","","","87.69","","","","","","NA"
"2013-09-23 07:00","2013","09","23","07:00"," ","10.4","","-0.2","","48","","","M","","M","","","87.71","","","","","","NA"
"2013-09-23 08:00","2013","09","23","08:00"," ","10.9","","-0.6","","45","","","M","","M","","","87.78","","","","","","NA"
"2013-09-23 09:00","2013","09","23","09:00"," ","13.0","","0.2","","41","","","M","","M","","","87.83","","","","","","NA"
"2013-09-23 10:00","2013","09","23","10:00"," ","14.5","","-0.5","","36","","","M","","M","","","87.87","","","","","","NA"
"2013-09-23 11:00","2013","09","23","11:00"," ","15.9","","-2.4","","28","","","M","","M","","","87.91","","","","","","NA"
"2013-09-23 12:00","2013","09","23","12:00"," ","16.6","","-2.4","","27","","","M","","M","","","87.94","","","","","","NA"
"2013-09-23 13:00","2013","09","23","13:00"," ","17.2","","-1.8","","27","","","M","","M","","","87.94","","","","","","NA"
"2013-09-23 14:00","2013","09","23","14:00"," ","17.0","","-4.1","","23","","","M","","M","","","87.96","","","","","","NA"
"2013-09-23 15:00","2013","09","23","15:00"," ","16.6","","-4.2","","24","","","M","","M","","","88.01","","","","","","NA"
"2013-09-23 16:00","2013","09","23","16:00"," ","16.4","","-4.6","","23","","","M","","M","","","88.03","","","","","","NA"
"2013-09-23 17:00","2013","09","23","17:00"," ","15.6","","-3.9","","26","","","M","","M","","","88.06","","","","","","NA"
"2013-09-23 18:00","2013","09","23","18:00"," ","13.7","","-3.4","","30","","","M","","M","","","88.12","","","","","","NA"
"2013-09-23 19:00","2013","09","23","19:00"," ","11.7","","-0.4","","43","","","M","","M","","","88.20","","","","","","NA"
"2013-09-23 20:00","2013","09","23","20:00"," ","9.7","","-0.2","","50","","","M","","M","","","88.26","","","","","","NA"
"2013-09-23 21:00","2013","09","23","21:00"," ","8.8","","0.2","","55","","","M","","M","","","88.28","","","","","","NA"
"2013-09-23 22:00","2013","09","23","22:00"," ","7.3","","0.6","","62","","","M","","M","","","88.32","","","","","","NA"
"2013-09-23 23:00","2013","09","23","23:00"," ","5.7","","0.2","","68","","","M","","M","","","88.33","","","","","","NA"
"2013-09-24 00:00","2013","09","24","00:00"," ","6.7","","1.7","","70","","","M","","M","","","88.39","","","","","","NA"
"2013-09-24 01:00","2013","09","24","01:00"," ","11.0","","-2.0","","40","","","M","","M","","","88.38","","","","","","NA"
"2013-09-24 02:00","2013","09","24","02:00"," ","9.8","","-2.1","","43","","","M","","M","","","88.40","","","","","","NA"
"2013-09-24 03:00","2013","09","24","03:00"," ","7.8","","-1.4","","52","","","M","","M","","","88.41","","","","","","NA"
"2013-09-24 04:00","2013","09","24","04:00"," ","5.7","","-1.1","","62","","","M","","M","","","88.47","","","","","","NA"
"2013-09-24 05:00","2013","09","24","05:00"," ","7.6","","-2.8","","48","","","M","","M","","","88.48","","","","","","NA"
"2013-09-24 06:00","2013","09","24","06:00"," ","6.6","","-2.6","","52","","","M","","M","","","88.49","","","","","","NA"
"2013-09-24 07:00","2013","09","24","07:00"," ","5.7","","-2.3","","56","","","M","","M","","","88.51","","","","","","NA"
"2013-09-24 08:00","2013","09","24","08:00"," ","7.2","","-1.0","","56","","","M","","M","","","88.55","","","","","","NA"
"2013-09-24 09:00","2013","09","24","09:00"," ","8.7","","-1.3","","49","","","M","","M","","","88.56","","","","","","NA"
"2013-09-24 10:00","2013","09","24","10:00"," ","10.6","","-1.9","","42","","","M","","M","","","88.54","","","","","","NA"
"2013-09-24 11:00","2013","09","24","11:00"," ","10.9","","-2.1","","40","","","M","","M","","","88.54","","","","","","NA"
"2013-09-24 12:00","2013","09","24","12:00"," ","11.9","","-3.0","","35","","","M","","M","","","88.49","","","","","","NA"
"2013-09-24 13:00","2013","09","24","13:00"," ","12.4","","-1.7","","37","","","M","","M","","","88.45","","","","","","NA"
"2013-09-24 14:00","2013","09","24","14:00"," ","13.4","","-1.7","","35","","","M","","M","","","88.42","","","","","","NA"
"2013-09-24 15:00","2013","09","24","15:00"," ","13.1","","-2.1","","35","","","M","","M","","","88.39","","","","","","NA"
"2013-09-24 16:00","2013","09","24","16:00"," ","13.3","","-2.5","","33","","","M","","M","","","88.38","","","","","","NA"
"2013-09-24 17:00","2013","09","24","17:00"," ","12.4","","-2.6","","35","","","M","","M","","","88.39","","","","","","NA"
"2013-09-24 18:00","2013","09","24","18:00"," ","10.2","","-2.5","","41","","","M","","M","","","88.41","","","","","","NA"
"2013-09-24 19:00","2013","09","24","19:00"," ","7.3","","-0.5","","58","","","M","","M","","","88.44","","","","","","NA"
"2013-09-24 20:00","2013","09","24","20:00"," ","6.4","","-0.7","","60","","","M","","M","","","88.47","","","","","","NA"
"2013-09-24 21:00","2013","09","24","21:00"," ","7.0","","0.1","","61","","","M","","M","","","88.49","","","","","","NA"
"2013-09-24 22:00","2013","09","24","22:00"," ","6.9","","-0.2","","61","","","M","","M","","","88.51","","","","","","NA"
"2013-09-24 23:00","2013","09","24","23:00"," ","7.1","","-0.8","","57","","","M","","M","","","88.54","","","","","","NA"
"2013-09-25 00:00","2013","09","25","00:00"," ","7.7","","-1.3","","53","","","M","","M","","","88.57","","","","","","NA"
"2013-09-25 01:00","2013","09","25","01:00"," ","7.3","","-1.5","","54","","","M","","M","","","88.60","","","","","","NA"
"2013-09-25 02:00","2013","09","25","02:00"," ","6.9","","-1.4","","55","","","M","","M","","","88.63","","","","","","NA"
"2013-09-25 03:00","2013","09","25","03:00"," ","6.1","","0.0","","65","","","M","","M","","","88.67","","","","","","NA"
"2013-09-25 04:00","2013","09","25","04:00"," ","5.7","","0.3","","68","","","M","","M","","","88.69","","","","","","NA"
"2013-09-25 05:00","2013","09","25","05:00"," ","5.5","","0.7","","71","","","M","","M","","","88.72","","","","","","NA"
"2013-09-25 06:00","2013","09","25","06:00"," ","4.8","","0.9","","76","","","M","","M","","","88.75","","","","","","NA"
"2013-09-25 07:00","2013","09","25","07:00"," ","4.1","","1.1","","81","","","M","","M","","","88.83","","","","","","NA"
"2013-09-25 08:00","2013","09","25","08:00"," ","5.3","","1.2","","75","","","M","","M","","","88.88","","","","","","NA"
"2013-09-25 09:00","2013","09","25","09:00"," ","6.1","","0.7","","68","","","M","","M","","","88.93","","","","","","NA"
"2013-09-25 10:00","2013","09","25","10:00"," ","8.0","","1.0","","61","","","M","","M","","","88.92","","","","","","NA"
"2013-09-25 11:00","2013","09","25","11:00"," ","8.5","","0.5","","57","","","M","","M","","","88.94","","","","","","NA"
"2013-09-25 12:00","2013","09","25","12:00"," ","9.2","","0.7","","55","","","M","","M","","","88.94","","","","","","NA"
"2013-09-25 13:00","2013","09","25","13:00"," ","9.7","","0.0","","51","","","M","","M","","","88.92","","","","","","NA"
"2013-09-25 14:00","2013","09","25","14:00"," ","10.6","","-1.0","","44","","","M","","M","","","88.93","","","","","","NA"
"2013-09-25 15:00","2013","09","25","15:00"," ","10.9","","-1.7","","41","","","M","","M","","","88.96","","","","","","NA"
"2013-09-25 16:00","2013","09","25","16:00"," ","10.5","","-2.7","","39","","","M","","M","","","88.99","","","","","","NA"
"2013-09-25 17:00","2013","09","25","17:00"," ","9.8","","-2.6","","42","","","M","","M","","","89.03","","","","","","NA"
"2013-09-25 18:00","2013","09","25","18:00"," ","8.5","","-2.5","","46","","","M","","M","","","89.06","","","","","","NA"
"2013-09-25 19:00","2013","09","25","19:00"," ","6.1","","-1.6","","58","","","M","","M","","","89.11","","","","","","NA"
"2013-09-25 20:00","2013","09","25","20:00"," ","4.7","","-1.4","","65","","","M","","M","","","89.18","","","","","","NA"
"2013-09-25 21:00","2013","09","25","21:00"," ","4.2","","-1.7","","65","","","M","","M","","","89.20","","","","","","NA"
"2013-09-25 22:00","2013","09","25","22:00"," ","2.9","","-1.7","","72","","","M","","M","","","89.22","","","","","","NA"
"2013-09-25 23:00","2013","09","25","23:00"," ","2.6","","-1.0","","77","","","M","","M","","","89.22","","","","","","NA"
"2013-09-26 00:00","2013","09","26","00:00"," ","2.8","","-0.6","","78","","","M","","M","","","89.23","","","","","","NA"
"2013-09-26 01:00","2013","09","26","01:00"," ","1.7","","-1.0","","82","","","M","","M","","","89.25","","","","","","NA"
"2013-09-26 02:00","2013","09","26","02:00"," ","1.9","","-0.3","","85","","","M","","M","","","89.26","","","","","","NA"
"2013-09-26 03:00","2013","09","26","03:00"," ","2.2","","0.0","","85","","","M","","M","","","89.28","","","","","","NA"
"2013-09-26 04:00","2013","09","26","04:00"," ","1.7","","-0.1","","88","","","M","","M","","","89.29","","","","","","NA"
"2013-09-26 05:00","2013","09","26","05:00"," ","1.3","","-0.3","","89","","","M","","M","","","89.31","","","","","","NA"
"2013-09-26 06:00","2013","09","26","06:00"," ","1.7","","0.2","","90","","","M","","M","","","89.35","","","","","","NA"
"2013-09-26 07:00","2013","09","26","07:00"," ","3.0","","0.8","","85","","","M","","M","","","89.36","","","","","","NA"
"2013-09-26 08:00","2013","09","26","08:00"," ","3.6","","1.4","","86","","","M","","M","","","89.36","","","","","","NA"
"2013-09-26 09:00","2013","09","26","09:00"," ","3.8","","1.1","","83","","","M","","M","","","89.34","","","","","","NA"
"2013-09-26 10:00","2013","09","26","10:00"," ","4.6","","0.5","","75","","","M","","M","","","89.28","","","","","","NA"
"2013-09-26 11:00","2013","09","26","11:00"," ","5.4","","0.1","","69","","","M","","M","","","89.23","","","","","","NA"
"2013-09-26 12:00","2013","09","26","12:00"," ","6.5","","0.4","","65","","","M","","M","","","89.20","","","","","","NA"
"2013-09-26 13:00","2013","09","26","13:00"," ","6.8","","0.1","","62","","","M","","M","","","89.16","","","","","","NA"
"2013-09-26 14:00","2013","09","26","14:00"," ","8.7","","-0.1","","54","","","M","","M","","","89.09","","","","","","NA"
"2013-09-26 15:00","2013","09","26","15:00"," ","9.5","","-0.6","","49","","","M","","M","","","89.03","","","","","","NA"
"2013-09-26 16:00","2013","09","26","16:00"," ","10.0","","-0.6","","48","","","M","","M","","","88.99","","","","","","NA"
"2013-09-26 17:00","2013","09","26","17:00"," ","8.6","","-0.5","","53","","","M","","M","","","88.97","","","","","","NA"
"2013-09-26 18:00","2013","09","26","18:00"," ","8.1","","-0.5","","55","","","M","","M","","","88.95","","","","","","NA"
"2013-09-26 19:00","2013","09","26","19:00"," ","7.2","","-0.3","","59","","","M","","M","","","88.96","","","","","","NA"
"2013-09-26 20:00","2013","09","26","20:00"," ","6.7","","0.5","","65","","","M","","M","","","88.97","","","","","","NA"
"2013-09-26 21:00","2013","09","26","21:00"," ","6.5","","0.1","","64","","","M","","M","","","88.95","","","","","","NA"
"2013-09-26 22:00","2013","09","26","22:00"," ","5.9","","0.1","","66","","","M","","M","","","88.92","","","","","","NA"
"2013-09-26 23:00","2013","09","26","23:00"," ","5.2","","0.5","","72","","","M","","M","","","88.86","","","","","","NA"
"2013-09-27 00:00","2013","09","27","00:00"," ","4.4","","0.3","","75","","","M","","M","","","88.76","","","","","","NA"
"2013-09-27 01:00","2013","09","27","01:00"," ","4.6","","1.3","","79","","","M","","M","","","88.68","","","","","","NA"
"2013-09-27 02:00","2013","09","27","02:00"," ","1.9","","-0.7","","83","","","M","","M","","","88.62","","","","","","NA"
"2013-09-27 03:00","2013","09","27","03:00"," ","1.4","","-0.7","","86","","","M","","M","","","88.57","","","","","","NA"
"2013-09-27 04:00","2013","09","27","04:00"," ","1.0","","-0.8","","88","","","M","","M","","","88.56","","","","","","NA"
"2013-09-27 05:00","2013","09","27","05:00"," ","0.1","","-1.2","","91","","","M","","M","","","88.56","","","","","","NA"
"2013-09-27 06:00","2013","09","27","06:00"," ","0.4","","-2.1","","83","","","M","","M","","","88.52","","","","","","NA"
"2013-09-27 07:00","2013","09","27","07:00"," ","1.4","","-2.3","","76","","","M","","M","","","88.49","","","","","","NA"
"2013-09-27 08:00","2013","09","27","08:00"," ","6.2","","0.1","","65","","","M","","M","","","88.44","","","","","","NA"
"2013-09-27 09:00","2013","09","27","09:00"," ","9.7","","-5.0","","35","","","M","","M","","","88.40","","","","","","NA"
"2013-09-27 10:00","2013","09","27","10:00"," ","10.2","","-4.7","","35","","","M","","M","","","88.34","","","","","","NA"
"2013-09-27 11:00","2013","09","27","11:00"," ","11.9","","-5.0","","30","","","M","","M","","","88.30","","","","","","NA"
"2013-09-27 12:00","2013","09","27","12:00"," ","12.5","","-5.7","","28","","","M","","M","","","88.26","","","","","","NA"
"2013-09-27 13:00","2013","09","27","13:00"," ","12.5","","-5.6","","28","","","M","","M","","","88.22","","","","","","NA"
"2013-09-27 14:00","2013","09","27","14:00"," ","12.9","","-5.4","","27","","","M","","M","","","88.19","","","","","","NA"
"2013-09-27 15:00","2013","09","27","15:00"," ","12.8","","-4.8","","29","","","M","","M","","","88.17","","","","","","NA"
"2013-09-27 16:00","2013","09","27","16:00"," ","12.4","","-4.9","","30","","","M","","M","","","88.17","","","","","","NA"
"2013-09-27 17:00","2013","09","27","17:00"," ","11.3","","-3.9","","34","","","M","","M","","","88.19","","","","","","NA"
"2013-09-27 18:00","2013","09","27","18:00"," ","10.4","","-3.9","","36","","","M","","M","","","88.20","","","","","","NA"
"2013-09-27 19:00","2013","09","27","19:00"," ","8.4","","-2.7","","45","","","M","","M","","","88.21","","","","","","NA"
"2013-09-27 20:00","2013","09","27","20:00"," ","8.3","","-2.6","","46","","","M","","M","","","88.21","","","","","","NA"
"2013-09-27 21:00","2013","09","27","21:00"," ","7.4","","-2.9","","48","","","M","","M","","","88.22","","","","","","NA"
"2013-09-27 22:00","2013","09","27","22:00"," ","6.1","","-3.2","","51","","","M","","M","","","88.23","","","","","","NA"
"2013-09-27 23:00","2013","09","27","23:00"," ","4.0","","-2.7","","62","","","M","","M","","","88.20","","","","","","NA"
"2013-09-28 00:00","2013","09","28","00:00"," ","4.7","","-3.2","","57","","","M","","M","","","88.21","","","","","","NA"
"2013-09-28 01:00","2013","09","28","01:00"," ","3.7","","-3.2","","61","","","M","","M","","","88.22","","","","","","NA"
"2013-09-28 02:00","2013","09","28","02:00"," ","4.3","","-2.3","","62","","","M","","M","","","88.19","","","","","","NA"
"2013-09-28 03:00","2013","09","28","03:00"," ","1.3","","-2.3","","77","","","M","","M","","","88.18","","","","","","NA"
"2013-09-28 04:00","2013","09","28","04:00"," ","1.4","","-3.0","","72","","","M","","M","","","88.18","","","","","","NA"
"2013-09-28 05:00","2013","09","28","05:00"," ","2.2","","-3.2","","67","","","M","","M","","","88.15","","","","","","NA"
"2013-09-28 06:00","2013","09","28","06:00"," ","0.4","","-3.0","","78","","","M","","M","","","88.09","","","","","","NA"
"2013-09-28 07:00","2013","09","28","07:00"," ","1.2","","-1.8","","80","","","M","","M","","","88.06","","","","","","NA"
"2013-09-28 08:00","2013","09","28","08:00"," ","3.6","","-0.8","","73","","","M","","M","","","88.01","","","","","","NA"
"2013-09-28 09:00","2013","09","28","09:00"," ","5.5","","-0.1","","67","","","M","","M","","","87.99","","","","","","NA"
"2013-09-28 10:00","2013","09","28","10:00"," ","9.5","","-1.0","","48","","","M","","M","","","87.94","","","","","","NA"
"2013-09-28 11:00","2013","09","28","11:00"," ","10.4","","-0.3","","47","","","M","","M","","","87.86","","","","","","NA"
"2013-09-28 12:00","2013","09","28","12:00"," ","12.3","","-0.3","","42","","","M","","M","","","87.80","","","","","","NA"
"2013-09-28 13:00","2013","09","28","13:00"," ","12.3","","-0.9","","40","","","M","","M","","","87.72","","","","","","NA"
"2013-09-28 14:00","2013","09","28","14:00"," ","14.9","","-1.0","","34","","","M","","M","","","87.61","","","","","","NA"
"2013-09-28 15:00","2013","09","28","15:00"," ","13.7","","0.4","","40","","","M","","M","","","87.53","","","","","","NA"
"2013-09-28 16:00","2013","09","28","16:00"," ","15.3","","0.6","","37","","","M","","M","","","87.40","","","","","","NA"
"2013-09-28 17:00","2013","09","28","17:00"," ","14.9","","1.9","","41","","","M","","M","","","87.39","","","","","","NA"
"2013-09-28 18:00","2013","09","28","18:00"," ","12.7","","3.1","","52","","","M","","M","","","87.32","","","","","","NA"
"2013-09-28 19:00","2013","09","28","19:00"," ","11.8","","3.7","","58","","","M","","M","","","87.24","","","","","","NA"
"2013-09-28 20:00","2013","09","28","20:00"," ","11.6","","3.7","","58","","","M","","M","","","87.14","","","","","","NA"
"2013-09-28 21:00","2013","09","28","21:00"," ","11.0","","3.8","","61","","","M","","M","","","87.04","","","","","","NA"
"2013-09-28 22:00","2013","09","28","22:00"," ","11.3","","3.6","","59","","","M","","M","","","86.95","","","","","","NA"
"2013-09-28 23:00","2013","09","28","23:00"," ","11.2","","3.7","","60","","","M","","M","","","86.86","","","","","","NA"
"2013-09-29 00:00","2013","09","29","00:00"," ","11.3","","3.5","","59","","","M","","M","","","86.72","","","","","","NA"
"2013-09-29 01:00","2013","09","29","01:00"," ","11.4","","3.2","","57","","","M","","M","","","86.66","","","","","","NA"
"2013-09-29 02:00","2013","09","29","02:00"," ","12.1","","2.9","","53","","","M","","M","","","86.48","","","","","","NA"
"2013-09-29 03:00","2013","09","29","03:00"," ","12.8","","2.4","","49","","","M","","M","","","86.42","","","","","","NA"
"2013-09-29 04:00","2013","09","29","04:00"," ","12.1","","2.2","","51","","","M","","M","","","86.37","","","","","","NA"
"2013-09-29 05:00","2013","09","29","05:00"," ","12.4","","1.8","","48","","","M","","M","","","86.37","","","","","","NA"
"2013-09-29 06:00","2013","09","29","06:00"," ","9.7","","2.1","","59","","","M","","M","","","86.54","","","","","","NA"
"2013-09-29 07:00","2013","09","29","07:00"," ","10.5","","1.9","","55","","","M","","M","","","86.63","","","","","","NA"
"2013-09-29 08:00","2013","09","29","08:00"," ","9.9","","1.5","","56","","","M","","M","","","86.66","","","","","","NA"
"2013-09-29 09:00","2013","09","29","09:00"," ","10.5","","-0.3","","47","","","M","","M","","","86.81","","","","","","NA"
"2013-09-29 10:00","2013","09","29","10:00"," ","11.9","","-2.7","","36","","","M","","M","","","86.95","","","","","","NA"
"2013-09-29 11:00","2013","09","29","11:00"," ","12.5","","-3.3","","33","","","M","","M","","","87.02","","","","","","NA"
"2013-09-29 12:00","2013","09","29","12:00"," ","13.8","","-3.9","","29","","","M","","M","","","87.06","","","","","","NA"
"2013-09-29 13:00","2013","09","29","13:00"," ","15.4","","-3.5","","27","","","M","","M","","","87.11","","","","","","NA"
"2013-09-29 14:00","2013","09","29","14:00"," ","15.3","","-4.0","","26","","","M","","M","","","87.14","","","","","","NA"
"2013-09-29 15:00","2013","09","29","15:00"," ","15.6","","-2.9","","28","","","M","","M","","","87.17","","","","","","NA"
"2013-09-29 16:00","2013","09","29","16:00"," ","14.9","","-3.1","","29","","","M","","M","","","87.22","","","","","","NA"
"2013-09-29 17:00","2013","09","29","17:00"," ","12.8","","-3.4","","32","","","M","","M","","","87.27","","","","","","NA"
"2013-09-29 18:00","2013","09","29","18:00"," ","12.0","","-3.3","","34","","","M","","M","","","87.32","","","","","","NA"
"2013-09-29 19:00","2013","09","29","19:00"," ","10.1","","-1.8","","43","","","M","","M","","","87.35","","","","","","NA"
"2013-09-29 20:00","2013","09","29","20:00"," ","8.1","","-1.5","","51","","","M","","M","","","87.36","","","","","","NA"
"2013-09-29 21:00","2013","09","29","21:00"," ","6.8","","-1.9","","54","","","M","","M","","","87.33","","","","","","NA"
"2013-09-29 22:00","2013","09","29","22:00"," ","5.8","","-1.4","","60","","","M","","M","","","87.29","","","","","","NA"
"2013-09-29 23:00","2013","09","29","23:00"," ","4.9","","-2.1","","60","","","M","","M","","","87.24","","","","","","NA"
"2013-09-30 00:00","2013","09","30","00:00"," ","3.9","","-2.0","","65","","","M","","M","","","87.14","","","","","","NA"
"2013-09-30 01:00","2013","09","30","01:00"," ","3.4","","-1.7","","69","","","M","","M","","","87.11","","","","","","NA"
"2013-09-30 02:00","2013","09","30","02:00"," ","2.6","","-1.4","","75","","","M","","M","","","87.02","","","","","","NA"
"2013-09-30 03:00","2013","09","30","03:00"," ","2.6","","-0.6","","79","","","M","","M","","","86.96","","","","","","NA"
"2013-09-30 04:00","2013","09","30","04:00"," ","3.9","","0.0","","76","","","M","","M","","","86.88","","","","","","NA"
"2013-09-30 05:00","2013","09","30","05:00"," ","3.8","","0.2","","77","","","M","","M","","","86.53","","","","","","NA"
"2013-09-30 06:00","2013","09","30","06:00"," ","3.9","","0.2","","77","","","M","","M","","","86.62","","","","","","NA"
"2013-09-30 07:00","2013","09","30","07:00"," ","6.2","","0.9","","69","","","M","","M","","","86.52","","","","","","NA"
"2013-09-30 08:00","2013","09","30","08:00"," ","6.4","","1.4","","70","","","M","","M","","","86.47","","","","","","NA"
"2013-09-30 09:00","2013","09","30","09:00"," ","7.0","","0.9","","65","","","M","","M","","","86.55","","","","","","NA"
"2013-09-30 10:00","2013","09","30","10:00"," ","9.4","","-3.3","","41","","","M","","M","","","86.61","","","","","","NA"
"2013-09-30 11:00","2013","09","30","11:00"," ","10.3","","-6.4","","30","","","M","","M","","","86.67","","","","","","NA"
"2013-09-30 12:00","2013","09","30","12:00"," ","12.2","","-6.1","","27","","","M","","M","","","86.80","","","","","","NA"
"2013-09-30 13:00","2013","09","30","13:00"," ","13.4","","-6.0","","25","","","M","","M","","","86.94","","","","","","NA"
"2013-09-30 14:00","2013","09","30","14:00"," ","12.9","","-5.2","","28","","","M","","M","","","87.07","","","","","","NA"
"2013-09-30 15:00","2013","09","30","15:00"," ","13.6","","-5.9","","25","","","M","","M","","","87.22","","","","","","NA"
"2013-09-30 16:00","2013","09","30","16:00"," ","12.9","","-5.1","","28","","","M","","M","","","87.36","","","","","","NA"
"2013-09-30 17:00","2013","09","30","17:00"," ","12.2","","-6.1","","27","","","M","","M","","","87.46","","","","","","NA"
"2013-09-30 18:00","2013","09","30","18:00"," ","9.9","","-5.1","","34","","","M","","M","","","87.55","","","","","","NA"
"2013-09-30 19:00","2013","09","30","19:00"," ","8.5","","-5.7","","36","","","M","","M","","","87.65","","","","","","NA"
"2013-09-30 20:00","2013","09","30","20:00"," ","7.0","","-5.4","","41","","","M","","M","","","87.75","","","","","","NA"
"2013-09-30 21:00","2013","09","30","21:00"," ","5.6","","-5.3","","45","","","M","","M","","","87.82","","","","","","NA"
"2013-09-30 22:00","2013","09","30","22:00"," ","4.7","","-4.8","","50","","","M","","M","","","87.87","","","","","","NA"
"2013-09-30 23:00","2013","09","30","23:00"," ","3.3","","-4.9","","55","","","M","","M","","","87.93","","","","","","NA"
